# Imported from MATPOWER Case Format
mpc.version
2
mpc.version.end

# System MVA base
mpc.baseMVA
100
mpc.baseMVA.end

# Bus data: bus_i	type	Pd	Qd	Gs	Bs	area	Vm	Va	baseKV	zone	Vmax	Vmin
mpc.bus
        89         1       0.000000       0.000000       0.199111       4.530599         0       0.998636      -2.727750     380.000000         2       1.100000       0.900000
       228         1     -23.430000      57.400000       0.000000       0.000000         0       1.052189      -6.261857     150.000000         2       1.100000       0.900000
       271         1      96.700000      26.800000       0.000000       0.000000         0       1.039303      -7.776001     150.000000         2       1.100000       0.900000
       317         1      -0.000000      -0.000000       0.045946      -1.822030         0       1.052125       7.798122     380.000000         2       1.100000       0.900000
       659         1      -0.000000      -0.000000       0.174507      73.977052         0       1.051131       7.758352     380.000000         2       1.100000       0.900000
       792         1     295.300000      41.900000       0.000000       0.000000         0       1.034186      -0.892077     150.000000         2       1.100000       0.900000
       913         3       0.000000       0.000000       0.000000       0.000000         0       1.030951       0.000000     380.000000         2       1.100000       0.900000
       955         1     244.200000     152.700000       0.000000       0.000000         0       1.002465      -9.133500     150.000000         2       1.100000       0.900000
      1037         1      -0.000000       0.000000       0.000000       0.550000         0       1.052997       6.608460     380.000000         2       1.100000       0.900000
      1163         1      -0.000000      -0.000000       0.000000      16.040000         0       1.009762       0.452512     380.000000         2       1.100000       0.900000
      1317         1     149.300000      -2.000000       0.000000      20.770000         0       1.038584       4.860360     380.000000         2       1.100000       0.900000
      1367         1       0.000000      -0.000000       0.175687      -1.509401         0       1.023381       1.555353     380.000000         2       1.100000       0.900000
      1445         1     238.400000     210.900000       0.000000       0.000000         0       1.034571       1.565941     220.000000         2       1.100000       0.900000
      1531         1      -0.000000       0.000000       0.000000       0.000000         0       1.018597      -9.561188     150.000000         2       1.100000       0.900000
      1579         1      -0.000000       0.000000       0.000000      16.560000         0       1.006543      -3.372234     380.000000         2       1.100000       0.900000
      1611         1     274.100000     166.500000       0.000000       0.560000         0       1.046304      -7.256268     150.000000         2       1.100000       0.900000
      1616         1       0.000000       0.000000       0.000000      14.450000         0       1.005410      -2.075121     380.000000         2       1.100000       0.900000
      1676         1      -0.000000       0.000000       0.171586      -1.463200         0       1.009368       0.393065     380.000000         2       1.100000       0.900000
      1815         1      63.660000       9.700000       0.000000       0.000000         0       1.057771       1.930378     220.000000         2       1.100000       0.900000
      1968         1     118.400000     137.000000       0.000000       0.000000         0       1.023080      -9.076484     150.000000         2       1.100000       0.900000
      2107         2       0.000000       0.000000       0.000000       0.000000         0       1.038880       1.911591     380.000000         2       1.100000       0.900000
      2154         1    -357.450000      33.050000       0.290000      -5.600000         0       1.038292       4.119618     380.000000         2       1.100000       0.900000
      2168         1       8.600000      -1.480000       0.000000       0.000000         0       1.016376     -10.986644     150.000000         2       1.100000       0.900000
      2267         2       0.000000       0.000000       0.000000       0.000000         0       1.038741      13.145635     380.000000         2       1.100000       0.900000
      2268         1       0.000000      -0.000000       0.183167      22.675025         0       0.992930      -3.227608     380.000000         2       1.100000       0.900000
      2299         1     402.100000     110.200000       0.000000       0.000000         0       1.041450      -9.187766     150.000000         2       1.100000       0.900000
      2441         1       0.000000      -0.000000       0.242534       1.143584         0       0.991005      -2.851027     380.000000         2       1.100000       0.900000
      2449         1     301.900000    -103.200000       0.000000       0.000000         0       1.086934      -3.975023     150.000000         2       1.100000       0.900000
      2520         1      -0.000000      -0.000000       0.057433       3.807970         0       0.999733      -2.864195     380.000000         2       1.100000       0.900000
      2870         1      -0.000000       0.000000       0.000000       0.620000         0       1.052997       6.608458     380.000000         2       1.100000       0.900000
      2908         1     203.800000      61.000000       0.000000       0.600000         0       1.022416      -8.626457     150.000000         2       1.100000       0.900000
      3097         1     361.910000       3.660000       0.000000       9.390000         0       1.048722       6.053199     380.000000         2       1.100000       0.900000
      3242         1     296.100000      82.300000       0.000000       0.000000         0       1.054504      -7.412198     150.000000         2       1.100000       0.900000
      3279         1       0.000000       0.000000       0.000000       0.000000         0       1.034258      -0.851682     150.000000         2       1.100000       0.900000
      3493         1     226.300000      61.100000       0.000000       0.000000         0       1.040629      -8.480830     150.000000         2       1.100000       0.900000
      3506         1       0.000000       0.000000       0.000000       0.600000         0       1.002708      -9.099771     150.000000         2       1.100000       0.900000
      3659         2       0.000000       0.000000       0.000000       0.000000         0       1.052170       3.047982     380.000000         2       1.100000       0.900000
      4014         1       0.000000       0.000000       0.000000       0.000000         0       1.033972     -11.211406     150.000000         2       1.100000       0.900000
      4423         1      -0.000000      -0.000000       0.000000       0.330000         0       1.041510      -9.184566     150.000000         2       1.100000       0.900000
      4427         1     296.800000      77.700000       0.000000       0.000000         0       1.036884      -8.989109     150.000000         2       1.100000       0.900000
      4495         1     336.300000     104.400000       0.000000       0.000000         0       1.038497      -8.943812     150.000000         2       1.100000       0.900000
      4586         2       0.000000       0.000000       0.000000       0.000000         0       1.047701      -8.936803     150.000000         2       1.100000       0.900000
      4665         1     390.500000      62.500000       0.000000       0.000000         0       1.038909      -9.572843     150.000000         2       1.100000       0.900000
      4929         1      37.000000       8.700000       0.070441      50.913893         0       1.052995       6.608472     380.000000         2       1.100000       0.900000
      5097         2       0.000000       0.000000       0.000000       0.000000         0       1.054440      -7.409117     150.000000         2       1.100000       0.900000
      5155         1     411.300000     168.000000       0.000000       0.000000         0       1.030998      -8.935752     150.000000         2       1.100000       0.900000
      5210         1     347.610000      74.370000       0.000000       0.000000         0       1.032891       1.843201     220.000000         2       1.100000       0.900000
      5416         1       0.000000       0.000000       0.000000      25.130000         0       1.038395      13.370128     380.000000         2       1.100000       0.900000
      5509         1       0.000000       0.000000       0.314057      17.296509         0       0.998444      -4.249456     380.000000         2       1.100000       0.900000
      5587         1      -0.000000      -0.000000       0.000000       0.330000         0       1.040763      -8.452887     150.000000         2       1.100000       0.900000
      5762         1       0.000000       0.000000       0.000000       2.230000         0       1.042315       2.398228     380.000000         2       1.100000       0.900000
      5776         1     222.700000      80.500000       0.000000       0.000000         0       1.074341      -5.369730     150.000000         2       1.100000       0.900000
      5848         1       0.000000      -0.000000       0.290000      -0.420000         0       1.009361      -3.019347     380.000000         2       1.100000       0.900000
      5996         1      -0.000000      -0.000000       0.164188       4.023827         0       1.042267       2.398458     380.000000         2       1.100000       0.900000
      6069         1    -456.660000    -131.970000       0.285753      35.371068         0       0.977261      -4.164826     380.000000         2       1.100000       0.900000
      6233         2       0.000000       0.000000       0.000000       0.000000         0       1.052521       7.855236     380.000000         2       1.100000       0.900000
      6293         1      -0.000000       0.000000       0.000000      33.660000         0       0.994291      -2.462873     380.000000         2       1.100000       0.900000
      6542         1     355.980000    -147.980000       0.000000       0.000000         0       1.070142      -0.547689     220.000000         2       1.100000       0.900000
      6704         1      -0.000000      -0.000000       0.211099       0.672832         0       1.003492      -1.524637     380.000000         2       1.100000       0.900000
      6798         2       0.000000       0.000000       0.000000       0.000000         0       1.053791       8.136528     380.000000         2       1.100000       0.900000
      6826         1     326.900000     -82.300000       0.000000       0.000000         0       1.076555      -5.785181     150.000000         2       1.100000       0.900000
      6833         1       0.000000       0.000000       0.246363       4.841277         0       0.968382      -4.881372     380.000000         2       1.100000       0.900000
      7051         1       0.000000       0.000000       0.000000      21.190000         0       1.014089       1.516121     380.000000         2       1.100000       0.900000
      7180         1      -0.000000       0.000000       0.234234       4.220723         0       0.970984      -4.969800     380.000000         2       1.100000       0.900000
      7279         2       0.000000       0.000000       0.000000       0.000000         0       1.033972     -11.211406     150.000000         2       1.100000       0.900000
      7526         1    -179.730000     -63.080000       0.000000       0.000000         0       1.015360      -2.233440     380.000000         2       1.100000       0.900000
      7563         1     531.700000     -12.800000       0.000000       0.000000         0       1.040779     -11.086919     150.000000         2       1.100000       0.900000
      7637         1       0.000000       0.000000       0.290000       6.180000         0       1.035715      19.540360     380.000000         2       1.100000       0.900000
      7762         1      -0.000000       0.000000       0.304243      48.453399         0       1.010704      -1.708130     380.000000         2       1.100000       0.900000
      7829         1    -114.360000      30.040000       0.000000       0.000000         0       1.061046      -2.763095     220.000000         2       1.100000       0.900000
      7960         2       0.000000       0.000000       0.000000       0.000000         0       1.052291       7.890294     380.000000         2       1.100000       0.900000
      8103         1      39.340000     -10.700000       0.000000       0.000000         0       1.004551       0.142145     150.000000         2       1.100000       0.900000
      8179         1      -0.000000       0.000000       0.194464      19.146800         0       1.000980      -3.338287     380.000000         2       1.100000       0.900000
      8181         1       0.000000      -0.000000       0.210824       6.620599         0       1.002202      -2.956885     380.000000         2       1.100000       0.900000
      8229         1       0.000000       0.000000       0.000000       0.000000         0       1.074341      -5.369730     150.000000         2       1.100000       0.900000
      8329         1       0.000000       0.000000       0.149712       2.049870         0       1.044426       7.173090     380.000000         2       1.100000       0.900000
      8335         1     637.920000     139.570000       0.000000       0.000000         0       1.018566      -9.584605     150.000000         2       1.100000       0.900000
      8420         1      -0.000000       0.000000       0.000000       0.000000         0       1.046629      -7.203087     150.000000         2       1.100000       0.900000
      8574         1      -0.000000       0.000000       0.447839      20.994738         0       1.003438      -1.909419     380.000000         2       1.100000       0.900000
      8581         1   -1299.130000    -140.850000       0.000000       0.000000         0       1.039591      30.739738     380.000000         2       1.100000       0.900000
      8605         2       0.000000       0.000000       0.000000       0.000000         0       1.023822       1.618632     380.000000         2       1.100000       0.900000
      8847         1      -0.000000       0.000000       0.180760      -0.881251         0       1.012215       1.210841     380.000000         2       1.100000       0.900000
      8921         1       0.000000       0.000000       0.000000      16.370000         0       1.006660      -1.113339     380.000000         2       1.100000       0.900000
      8964         1     925.910000     147.970000       0.000000       0.000000         0       1.016233     -11.017670     150.000000         2       1.100000       0.900000
      9024         1       0.000000       0.000000       0.141019      25.246000         0       1.057806       3.597804     380.000000         2       1.100000       0.900000
      9025         1       0.000000      -0.000000       0.205903       3.076800         0       1.004762      -2.614515     380.000000         2       1.100000       0.900000
      9064         1       0.000000      -0.000000       0.000000      15.260000         0       1.004902      -2.063293     380.000000         2       1.100000       0.900000
      9192         1      17.920000      23.300000       0.000000       0.000000         0       1.024174      -8.845464     150.000000         2       1.100000       0.900000
      9239         2       0.000000       0.000000       0.000000       0.000000         0       1.052319       7.894637     380.000000         2       1.100000       0.900000
mpc.bus.end

# generator data: bus	Pg	Qg	Qmax	Qmin	Vg	mBase	status	Pmax	Pmin	Pc1	Pc2	Qc1min	Qc1max	Qc2min	Qc2max	ramp_agc	ramp_10	ramp_30	ramp_q	apf
mpc.gen
       913    1249.102310     696.323675     772.110000    -269.940000       1.030951     100.000000       1.000000    1700.000000     566.670000       0.000000       0.000000       0.000000       0.000000       0.000000       0.000000       0.000000       0.000000       0.000000       0.000000       0.000000
      2107    1269.400000     588.337672     661.900000    -257.620000       1.038880     100.000000       1.000000    1500.000000     500.000000       0.000000       0.000000       0.000000       0.000000       0.000000       0.000000       0.000000       0.000000       0.000000       0.000000       0.000000
      2267     362.000000     200.978114     228.160000     -78.830000       1.038741     100.000000       1.000000     500.000000     166.670000       0.000000       0.000000       0.000000       0.000000       0.000000       0.000000       0.000000       0.000000       0.000000       0.000000       0.000000
      3659    1097.400000     689.661500     943.640000    -282.010000       1.052170     100.000000       1.000000    2000.000000     666.670000       0.000000       0.000000       0.000000       0.000000       0.000000       0.000000       0.000000       0.000000       0.000000       0.000000       0.000000
      4586    -545.700000      42.681449      92.960000     -29.810000       1.047701     100.000000       1.000000     100.000000    -727.600000       0.000000       0.000000       0.000000       0.000000       0.000000       0.000000       0.000000       0.000000       0.000000       0.000000       0.000000
      5097      21.100000       3.141887       8.910000      -4.110000       1.054440     100.000000       1.000000      21.230000       7.080000       0.000000       0.000000       0.000000       0.000000       0.000000       0.000000       0.000000       0.000000       0.000000       0.000000       0.000000
      6233     879.600000     369.492609     545.680000    -189.970000       1.052521     100.000000       1.000000    1200.000000     400.000000       0.000000       0.000000       0.000000       0.000000       0.000000       0.000000       0.000000       0.000000       0.000000       0.000000       0.000000
      6798     949.700000     273.699009     429.610000    -183.480000       1.053791     100.000000       1.000000    1000.000000     333.330000       0.000000       0.000000       0.000000       0.000000       0.000000       0.000000       0.000000       0.000000       0.000000       0.000000       0.000000
      7279    -681.700000       5.379494      14.780000      -6.640000       1.033972     100.000000       1.000000     100.000000    -908.930000       0.000000       0.000000       0.000000       0.000000       0.000000       0.000000       0.000000       0.000000       0.000000       0.000000       0.000000
      7960     419.000000     154.284240     274.200000     -93.220000       1.052291     100.000000       1.000000     600.000000     200.000000       0.000000       0.000000       0.000000       0.000000       0.000000       0.000000       0.000000       0.000000       0.000000       0.000000       0.000000
      8605     427.000000     193.780666     273.940000     -93.650000       1.023822     100.000000       1.000000     600.000000     200.000000       0.000000       0.000000       0.000000       0.000000       0.000000       0.000000       0.000000       0.000000       0.000000       0.000000       0.000000
      9239     419.000000     154.105299     274.200000     -93.220000       1.052319     100.000000       1.000000     600.000000     200.000000       0.000000       0.000000       0.000000       0.000000       0.000000       0.000000       0.000000       0.000000       0.000000       0.000000       0.000000
mpc.gen.end

# branch data: fbus	tbus	r	x	b	rateA	rateB	rateC	ratio	angle	status	angmin	angmax PF* QF* PT* QT*
mpc.branch
      3097       659       0.000730       0.009050       0.000000    1205.000000       0.000000       0.000000       0.000000       0.000000         1    -360.000000     360.000000    -361.910000       6.667287     362.779662       4.114145
      9024      4929       0.001920       0.022960       0.000000     909.000000       0.000000       0.000000       0.000000       0.000000         1    -360.000000     360.000000    -250.634468      49.820795     251.754940     -36.421822
      1815      6542       0.014310       0.058990       0.000000       0.000000       0.000000       0.000000       0.000000       0.000000         1    -360.000000     360.000000      73.686027     -38.262228     -72.804361      41.896712
      6542      1445       0.026070       0.071680       0.000000       0.000000       0.000000       0.000000       0.000000       0.000000         1    -360.000000     360.000000     -32.914916      66.127327      34.156997     -62.712199
      6069      6833       0.000540       0.004650       0.000000    1600.000000       0.000000       0.000000       0.000000       0.000000         1    -360.000000     360.000000     272.691339     156.514717    -272.132377    -151.701433
      6069      2268       0.001260       0.011240       0.000000    1633.000000       0.000000       0.000000       0.000000       0.000000         1    -360.000000     360.000000    -154.410845    -117.772521     154.908401     122.211034
      6069      7180       0.000480       0.005270       0.000000    1567.000000       0.000000       0.000000       0.000000       0.000000         1    -360.000000     360.000000     261.555598      94.337913    -261.167035     -90.071813
      6069      6293       0.000820       0.009380       0.000000    1600.000000       0.000000       0.000000       0.000000       0.000000         1    -360.000000     360.000000    -320.331281    -144.857927     321.392482     156.997023
      1968      9192       0.000280       0.003502       0.000000       0.000000       0.000000       0.000000       0.000000       0.000000         1    -360.000000     360.000000    -122.395262     -21.949774     122.436626      22.467112
      1968      3493       0.691467       4.414711       0.000000       0.000000       0.000000       0.000000       0.000000       0.000000         1    -360.000000     360.000000      -0.306681      -0.357369       0.308146       0.366722
      1968       955       0.020040       0.091600       0.000000       0.000000       0.000000       0.000000       0.000000       0.000000         1    -360.000000     360.000000       5.870428      21.740098      -5.773340     -21.296321
      1968       228       0.841911       4.768444       0.000000       0.000000       0.000000       0.000000       0.000000       0.000000         1    -360.000000     360.000000      -1.177296      -0.389444       1.189664       0.459497
      1968      6826       0.026000       0.089480       0.000000       0.000000       0.000000       0.000000       0.000000       0.000000         1    -360.000000     360.000000     -81.005195     -35.574058      82.949524      42.265539
      1968      8964       0.002631       0.011889       0.000000     319.000000       0.000000       0.000000       0.000000       0.000000         1    -360.000000     360.000000     295.881497      -1.543625    -293.680855      11.487920
      1968      5776       0.723200       1.944000       0.000000       0.000000       0.000000       0.000000       0.000000       0.000000         1    -360.000000     360.000000      -4.053865      -1.071360       4.175344       1.397900
      9192       955       0.156169       0.546756       0.000000       0.000000       0.000000       0.000000       0.000000       0.000000         1    -360.000000     360.000000       1.947301       3.512612      -1.923286      -3.428532
      9192      6826       0.168809       0.580622       0.000000       0.000000       0.000000       0.000000       0.000000       0.000000         1    -360.000000     360.000000     -11.752105      -5.552009      12.023982       6.487135
      9192      8964       0.019222       0.068209       0.000000       0.000000       0.000000       0.000000       0.000000       0.000000         1    -360.000000     360.000000      56.980241      -3.037396     -56.383574       5.154659
      8574      1616       0.000390       0.003860       0.000000    1435.000000       0.000000       0.000000       0.000000       0.000000         1    -360.000000     360.000000      69.706533     -58.208023     -69.674589      58.524186
      8574      1163       0.000960       0.011380       0.000000    1468.000000       0.000000       0.000000       0.000000       0.000000         1    -360.000000     360.000000    -368.378933     -17.120498     369.675565      32.490991
      8574      9064       0.000370       0.003250       0.000000    1435.000000       0.000000       0.000000       0.000000       0.000000         1    -360.000000     360.000000      77.189350     -53.888938     -77.156784      54.174990
      8574      8921       0.000290       0.003390       0.000000    1600.000000       0.000000       0.000000       0.000000       0.000000         1    -360.000000     360.000000    -418.841214     -56.664177     419.355723      62.678606
      3493      2299       0.009458       0.158871       0.000000       0.000000       0.000000       0.000000       0.000000       0.000000         1    -360.000000     360.000000       8.358085      -0.982837      -8.351899       1.086740
      2299      4423       0.000000       0.000222       0.000000       0.000000       0.000000       0.000000       0.000000       0.000000         1    -360.000000     360.000000     -27.289603     -28.208573      27.289603      28.211726
      6826      2299       0.312951       7.130667       0.000000       0.000000       0.000000       0.000000       0.000000       0.000000         1    -360.000000     360.000000       0.955838       0.515775      -0.952652      -0.443196
      7563      2299       0.247649       1.075911       0.000000       0.000000       0.000000       0.000000       0.000000       0.000000         1    -360.000000     360.000000      -3.172808       0.720738       3.197011      -0.615591
      4427      2299       0.060560       0.186120       0.000000       0.000000       0.000000       0.000000       0.000000       0.000000         1    -360.000000     360.000000       1.071753      -2.888656      -1.066405       2.905089
      8335      2299       2.142489       4.347733       0.000000       0.000000       0.000000       0.000000       0.000000       0.000000         1    -360.000000     360.000000      -0.348300      -0.363878       0.353539       0.374510
      5155      2299       0.071320       1.068889       0.000000       0.000000       0.000000       0.000000       0.000000       0.000000         1    -360.000000     360.000000       0.372979      -1.032010      -0.372171       1.044119
       271      2299       0.022680       0.086520       0.000000       0.000000       0.000000       0.000000       0.000000       0.000000         1    -360.000000     360.000000      28.300904      -9.617242     -28.113309      10.332881
      2449      2299       2.007778       4.494222       0.000000       0.000000       0.000000       0.000000       0.000000       0.000000         1    -360.000000     360.000000       2.356139       0.151633      -2.261405       0.060420
      4665      2299       0.006178       0.028938       0.000000       0.000000       0.000000       0.000000       0.000000       0.000000         1    -360.000000     360.000000     -25.878419      -3.512034      25.917457       3.694892
      4495      2299       0.027711       0.260951       0.000000       0.000000       0.000000       0.000000       0.000000       0.000000         1    -360.000000     360.000000       1.622019      -1.343525      -1.620879       1.354259
      3493      5587       0.000000       0.000222       0.000000     319.000000       0.000000       0.000000       0.000000       0.000000         1    -360.000000     360.000000    -237.923639     -62.582898     237.923639      62.706975
      4586      3493       0.006920       0.337378       0.000000       0.000000       0.000000       0.000000       0.000000       0.000000         1    -360.000000     360.000000      -2.525437       2.258054       2.526161      -2.222780
       228      3493       0.025991       0.100480       0.000000       0.000000       0.000000       0.000000       0.000000       0.000000         1    -360.000000     360.000000      42.678810       1.881727     -42.250356      -0.225345
      6826      3493       0.083711       0.864800       0.000000       0.000000       0.000000       0.000000       0.000000       0.000000         1    -360.000000     360.000000       6.478598       3.988473      -6.436792      -3.556583
      7563      3493       0.447378       1.862089       0.000000       0.000000       0.000000       0.000000       0.000000       0.000000         1    -360.000000     360.000000      -2.484782       0.665477       2.512111      -0.551728
      4427      3493       0.062169       0.153191       0.000000       0.000000       0.000000       0.000000       0.000000       0.000000         1    -360.000000     360.000000      -6.238468       0.024416       6.260973       0.031039
      8335      3493       2.492533       4.725778       0.000000       0.000000       0.000000       0.000000       0.000000       0.000000         1    -360.000000     360.000000      -0.532535      -0.190499       0.540220       0.205070
      5155      3493       0.020271       0.082440       0.000000       0.000000       0.000000       0.000000       0.000000       0.000000         1    -360.000000     360.000000     -12.527226      -8.923675      12.572340       9.107147
       271      3493       0.114160       1.777556       0.000000       0.000000       0.000000       0.000000       0.000000       0.000000         1    -360.000000     360.000000       0.740714      -0.120512      -0.740119       0.129780
      5776      3493       0.574978       2.992578       0.000000       0.000000       0.000000       0.000000       0.000000       0.000000         1    -360.000000     360.000000       2.189814       0.844559      -2.162372      -0.701736
      2449      3493       1.887067       4.964444       0.000000       0.000000       0.000000       0.000000       0.000000       0.000000         1    -360.000000     360.000000       1.924043       0.352875      -1.862924      -0.192085
      4665      3493       0.250778       0.817422       0.000000       0.000000       0.000000       0.000000       0.000000       0.000000         1    -360.000000     360.000000      -2.358361       0.528871       2.371934      -0.484630
      4495      3493       0.007049       0.029609       0.000000       0.000000       0.000000       0.000000       0.000000       0.000000         1    -360.000000     360.000000     -29.569080      -0.320792      29.626234       0.560864
      5587      4586       0.003049       0.020218       0.000000       0.000000       0.000000       0.000000       0.000000       0.000000         1    -360.000000     360.000000      39.299782     -41.448748     -39.207949      42.057697
      4423      4586       0.002911       0.020262       0.000000       0.000000       0.000000       0.000000       0.000000       0.000000         1    -360.000000     360.000000     -27.289603     -27.853761      27.330408      28.137786
      4929      2870       0.000040       0.000410       0.000000     777.000000       0.000000       0.000000       0.000000       0.000000         1    -360.000000     360.000000       0.000000      -0.687456      -0.000000       0.687458
      4929       659       0.000870       0.010870       0.000000    1303.000000       0.000000       0.000000       0.000000       0.000000         1    -360.000000     360.000000    -201.441132      36.224467     201.769821     -32.117745
      4929      1037       0.000040       0.000460       0.000000     777.000000       0.000000       0.000000       0.000000       0.000000         1    -360.000000     360.000000       0.000000      -0.609840      -0.000000       0.609842
      4929       659       0.000950       0.009240       0.000000    1501.000000       0.000000       0.000000       0.000000       0.000000         1    -360.000000     360.000000    -235.467112      47.857135     235.961777     -43.045869
      1815      5210       0.528017       2.636157       0.000000       0.000000       0.000000       0.000000       0.000000       0.000000         1    -360.000000     360.000000       0.252885       0.947712      -0.248344      -0.925044
      1815      1445       0.032031       0.128659       0.000000       0.000000       0.000000       0.000000       0.000000       0.000000         1    -360.000000     360.000000       9.570030      16.709025      -9.463885     -16.282672
      1616      7762       0.000440       0.003200       0.000000    1665.000000       0.000000       0.000000       0.000000       0.000000         1    -360.000000     360.000000    -221.982697    -135.160251     222.276703     137.298479
      1616      2520       0.000460       0.004890       0.000000    1731.000000       0.000000       0.000000       0.000000       0.000000         1    -360.000000     360.000000     291.657286      91.242849    -291.232307     -86.725133
      9064      7762       0.000300       0.003520       0.000000    1600.000000       0.000000       0.000000       0.000000       0.000000         1    -360.000000     360.000000    -191.535964    -148.761288     191.710694     150.811458
      9064        89       0.000510       0.004540       0.000000    1665.000000       0.000000       0.000000       0.000000       0.000000         1    -360.000000     360.000000     268.692748     109.996285    -268.267028    -106.206542
      1317       659       0.000680       0.007460       0.000000    1633.000000       0.000000       0.000000       0.000000       0.000000         1    -360.000000     360.000000    -747.862242     -87.794683     751.436723     127.008842
      1317      8605       0.000930       0.010220       0.000000    1764.000000       0.000000       0.000000       0.000000       0.000000         1    -360.000000     360.000000     598.562242     112.198393    -595.364704     -77.059864
      8605      1367       0.000040       0.000400       0.000000    1501.000000       0.000000       0.000000       0.000000       0.000000         1    -360.000000     360.000000     297.623197      83.315054    -297.586746     -82.950544
      8605      8921       0.000780       0.006980       0.000000    1764.000000       0.000000       0.000000       0.000000       0.000000         1    -360.000000     360.000000     724.741507     187.525476    -720.571313    -150.207586
      1163      1676       0.000040       0.000430       0.000000    1600.000000       0.000000       0.000000       0.000000       0.000000         1    -360.000000     360.000000     252.367632      69.237337    -252.340766     -68.948526
      1163      7051       0.000250       0.003090       0.000000    1698.000000       0.000000       0.000000       0.000000       0.000000         1    -360.000000     360.000000    -622.043197     -85.373642     623.009800      97.320846
       913      7762       0.000470       0.005380       0.000000    1633.000000       0.000000       0.000000       0.000000       0.000000         1    -360.000000     360.000000     607.327210     343.527498    -605.174311    -318.883675
      2107      7762       0.000460       0.005480       0.000000    1764.000000       0.000000       0.000000       0.000000       0.000000         1    -360.000000     360.000000    1248.931041     467.529638   -1241.351208    -377.230763
      2107      5996       0.000160       0.001730       0.000000    1863.000000       0.000000       0.000000       0.000000       0.000000         1    -360.000000     360.000000    -545.772447    -150.655668     546.247678     155.794105
      2107      6293       0.001660       0.014710       0.000000    1764.000000       0.000000       0.000000       0.000000       0.000000         1    -360.000000     360.000000     566.241406     271.463702    -560.176443    -217.719358
       913      7762       0.000510       0.005120       0.000000    1797.000000       0.000000       0.000000       0.000000       0.000000         1    -360.000000     360.000000     641.775101     352.796177    -639.201538    -326.959632
      6704      8921       0.000210       0.002480       0.000000    1534.000000       0.000000       0.000000       0.000000       0.000000         1    -360.000000     360.000000    -301.005104    -101.632004     301.215590     104.117753
       228      4586       0.004391       0.021689       0.000000     306.000000       0.000000       0.000000       0.000000       0.000000         1    -360.000000     360.000000     233.177582     -19.899060    -231.005375      30.628507
      2441      6293       0.000240       0.002890       0.000000    1665.000000       0.000000       0.000000       0.000000       0.000000         1    -360.000000     360.000000    -238.624092     -92.074005     238.783961      93.999092
       955      3506       0.000000       0.000222       0.000000     358.000000       0.000000       0.000000       0.000000       0.000000         1    -360.000000     360.000000    -266.543057    -109.440564     266.543057     109.623969
       955      8964       0.017880       0.100471       0.000000       0.000000       0.000000       0.000000       0.000000       0.000000         1    -360.000000     360.000000      30.039682     -18.534583     -29.818007      19.780215
      3506      2908       0.006458       0.039982       0.000000       0.000000       0.000000       0.000000       0.000000       0.000000         1    -360.000000     360.000000     -28.409483     -44.748179      28.589942      45.865413
       228      6826       0.106151       0.993333       0.000000       0.000000       0.000000       0.000000       0.000000       0.000000         1    -360.000000     360.000000      -1.210278      -2.447746       1.217427       2.514647
       228      5776       0.699778       3.232311       0.000000       0.000000       0.000000       0.000000       0.000000       0.000000         1    -360.000000     360.000000      -0.668383      -0.572159       0.673276       0.594760
      8964      6826       0.257058       0.435920       0.000000       0.000000       0.000000       0.000000       0.000000       0.000000         1    -360.000000     360.000000     -22.677774       0.356216      23.958194       1.815125
      5776      6826       0.002769       0.011449       0.000000       0.000000       0.000000       0.000000       0.000000       0.000000         1    -360.000000     360.000000      64.514244     -36.117323     -64.383099      36.659569
       659      8329       0.000340       0.003050       0.000000    1600.000000       0.000000       0.000000       0.000000       0.000000         1    -360.000000     360.000000     388.803822     189.606536    -388.228007    -184.441136
       659      7051       0.001230       0.012550       0.000000    1863.000000       0.000000       0.000000       0.000000       0.000000         1    -360.000000     360.000000     949.740977     267.522727    -938.902674    -156.936793
       659      9239       0.000060       0.000650       0.000000    1435.000000       0.000000       0.000000       0.000000       0.000000         1    -360.000000     360.000000    -418.892010    -152.935405     419.000000     154.105299
       659      7960       0.000060       0.000630       0.000000    1534.000000       0.000000       0.000000       0.000000       0.000000         1    -360.000000     360.000000    -418.891974    -153.149969     419.000000     154.284240
       659      6233       0.000060       0.000550       0.000000    1764.000000       0.000000       0.000000       0.000000       0.000000         1    -360.000000     360.000000    -364.739567    -225.535918     364.839434     226.451366
       659      5416       0.000790       0.009680       0.000000    1369.000000       0.000000       0.000000       0.000000       0.000000         1    -360.000000     360.000000   -1079.733935     280.463973    1088.632154    -171.432641
       659      6798       0.000070       0.000790       0.000000       0.000000       0.000000       0.000000       0.000000       0.000000         1    -360.000000     360.000000    -949.084238    -266.749692     949.700000     273.699009
       792      3279       0.000000       0.000222       0.000000     397.000000       0.000000       0.000000       0.000000       0.000000         1    -360.000000     360.000000    -339.686711     -33.340191     339.686711      33.582002
      7563       792       2.064178       7.545333       0.000000       0.000000       0.000000       0.000000       0.000000       0.000000         1    -360.000000     360.000000      -2.268613       0.936785       2.383410      -0.517162
      7279       792       0.153711       0.482489       0.000000       0.000000       0.000000       0.000000       0.000000       0.000000         1    -360.000000     360.000000     -35.019089      14.695343      37.092760      -8.186222
      8335       792       0.015809       0.123680       0.000000       0.000000       0.000000       0.000000       0.000000       0.000000         1    -360.000000     360.000000    -127.037787      13.157457     129.523355       6.288111
      2449       792       0.057978       0.363422       0.000000       0.000000       0.000000       0.000000       0.000000       0.000000         1    -360.000000     360.000000     -13.698196      18.409113      13.956592     -16.789420
      4665       792       0.693200       2.196889       0.000000       0.000000       0.000000       0.000000       0.000000       0.000000         1    -360.000000     360.000000      -6.488194       2.830851       6.810028      -1.810896
      4495       792       0.560356       2.395867       0.000000       0.000000       0.000000       0.000000       0.000000       0.000000         1    -360.000000     360.000000      -5.813735       1.988502       6.009896      -1.149794
      5416      2267       0.000240       0.002130       0.000000     777.000000       0.000000       0.000000       0.000000       0.000000         1    -360.000000     360.000000     194.089400     -38.369425    -194.002276      39.142653
      5416      7637       0.000930       0.008840       0.000000    1303.000000       0.000000       0.000000       0.000000       0.000000         1    -360.000000     360.000000   -1282.721554     236.898821    1297.396921     -97.403934
      8964      2168       0.000000       0.000222       0.000000     332.000000       0.000000       0.000000       0.000000       0.000000         1    -360.000000     360.000000    -251.941364     -65.346411     251.941364      65.492038
      3659      5996       0.000180       0.002040       0.000000    1797.000000       0.000000       0.000000       0.000000       0.000000         1    -360.000000     360.000000     649.708550     456.894388    -648.682797    -445.269180
      5762      5996       0.000180       0.002080       0.000000     777.000000       0.000000       0.000000       0.000000       0.000000         1    -360.000000     360.000000       0.000000       2.422719       0.000010      -2.422607
      3242      5097       0.000000       0.000222       0.000000       0.000000       0.000000       0.000000       0.000000       0.000000         1    -360.000000     360.000000     -26.931607      30.503935      26.931607     -30.500629
      7563      3242       0.020680       0.093391       0.000000       0.000000       0.000000       0.000000       0.000000       0.000000         1    -360.000000     360.000000     -74.517451       3.620627      75.580061       1.178126
      4427      3242       0.777778       7.408000       0.000000       0.000000       0.000000       0.000000       0.000000       0.000000         1    -360.000000     360.000000      -0.426772      -0.196228       0.428368       0.211431
      3242      7279       0.008840       0.072920       0.000000       0.000000       0.000000       0.000000       0.000000       0.000000         1    -360.000000     360.000000     101.579667      20.663451    -100.725430     -13.616961
       271      3242       0.131671       8.295556       0.000000       0.000000       0.000000       0.000000       0.000000       0.000000         1    -360.000000     360.000000      -0.086882      -0.188800       0.086935       0.192118
      3242      1611       0.082462       0.568222       0.000000       0.000000       0.000000       0.000000       0.000000       0.000000         1    -360.000000     360.000000      -0.301145       1.566219       0.303031      -1.553220
      5097      1611       0.004200       0.026240       0.000000       0.000000       0.000000       0.000000       0.000000       0.000000         1    -360.000000     360.000000      -5.831607      33.642516       5.875646     -33.367376
      8181      8179       0.000310       0.003170       0.000000    1271.000000       0.000000       0.000000       0.000000       0.000000         1    -360.000000     360.000000     212.470872      18.540715    -212.330480     -17.105085
      8181      7762       0.000430       0.004980       0.000000    1501.000000       0.000000       0.000000       0.000000       0.000000         1    -360.000000     360.000000    -454.243293    -127.063520     455.195767     138.094504
      9025      7762       0.000420       0.005080       0.000000    1731.000000       0.000000       0.000000       0.000000       0.000000         1    -360.000000     360.000000    -323.523902     -88.286910     323.991777      93.945970
      7563      4427       0.110671       0.773067       0.000000       0.000000       0.000000       0.000000       0.000000       0.000000         1    -360.000000     360.000000      -4.920667       1.322302       4.947191      -1.137022
      7563      7279       0.009120       0.037609       0.000000       0.000000       0.000000       0.000000       0.000000       0.000000         1    -360.000000     360.000000      10.187245      16.372695     -10.155938     -16.243592
      7563      8335       0.098049       0.598711       0.000000       0.000000       0.000000       0.000000       0.000000       0.000000         1    -360.000000     360.000000      -3.895350       4.560110       3.927907      -4.361308
      7563      5155       0.019031       1.160356       0.000000       0.000000       0.000000       0.000000       0.000000       0.000000         1    -360.000000     360.000000      -3.454772       0.999090       3.457044      -0.860544
      7563       271       0.024071       0.915733       0.000000       0.000000       0.000000       0.000000       0.000000       0.000000         1    -360.000000     360.000000      -6.807770       0.543806       6.818134      -0.149509
      2449      7563       1.484267       4.479111       0.000000       0.000000       0.000000       0.000000       0.000000       0.000000         1    -360.000000     360.000000       3.209982       0.250658      -3.079741       0.142376
      4665      7563       0.011578       0.063271       0.000000       0.000000       0.000000       0.000000       0.000000       0.000000         1    -360.000000     360.000000      43.253983     -10.388472     -43.041714      11.548471
      4495      7563       0.654889       1.839111       0.000000       0.000000       0.000000       0.000000       0.000000       0.000000         1    -360.000000     360.000000       1.922698      -0.772385      -1.896627       0.845599
      7563      1611       0.022049       0.100760       0.000000       0.000000       0.000000       0.000000       0.000000       0.000000         1    -360.000000     360.000000     -69.591035      11.935598      70.605810      -7.298259
      4427      7279       0.459867       2.604711       0.000000       0.000000       0.000000       0.000000       0.000000       0.000000         1    -360.000000     360.000000       1.572965      -0.130828      -1.562309       0.191185
      4427      8335       2.320222       6.088000       0.000000       0.000000       0.000000       0.000000       0.000000       0.000000         1    -360.000000     360.000000       0.261565       0.213234      -0.259108      -0.206785
      4427      5155       0.006369       0.048089       0.000000       0.000000       0.000000       0.000000       0.000000       0.000000         1    -360.000000     360.000000      -0.382474      12.742947       0.392102     -12.670250
      4427       271       0.006631       0.043200       0.000000       0.000000       0.000000       0.000000       0.000000       0.000000         1    -360.000000     360.000000     -52.383253       2.793566      52.552975      -1.687855
      2449      4427       2.567244       6.767111       0.000000       0.000000       0.000000       0.000000       0.000000       0.000000         1    -360.000000     360.000000       1.560217       0.275740      -1.505668      -0.131952
      4665      4427       0.309889       1.214178       0.000000       0.000000       0.000000       0.000000       0.000000       0.000000         1    -360.000000     360.000000      -0.805985       0.383559       0.808272      -0.374597
      4495      4427       0.009191       0.043289       0.000000       0.000000       0.000000       0.000000       0.000000       0.000000         1    -360.000000     360.000000       2.667924       3.303440      -2.666387      -3.296203
      4427      1611       0.691022       5.239556       0.000000       0.000000       0.000000       0.000000       0.000000       0.000000         1    -360.000000     360.000000      -0.638362      -0.092755       0.641036       0.113034
      5210      1445       0.002669       0.017180       0.000000       0.000000       0.000000       0.000000       0.000000       0.000000         1    -360.000000     360.000000      27.869435     -14.352915     -27.844850      14.511163
      8179      5509       0.000740       0.006940       0.000000    1271.000000       0.000000       0.000000       0.000000       0.000000         1    -360.000000     360.000000     230.480021      13.817684    -230.086285     -10.125075
      8179      7762       0.000680       0.008000       0.000000    1567.000000       0.000000       0.000000       0.000000       0.000000         1    -360.000000     360.000000    -367.011249     -85.359329     367.974847      96.695774
      7279      4014       0.000000       0.000222       0.000000       0.000000       0.000000       0.000000       0.000000       0.000000         1    -360.000000     360.000000       0.000000       0.000000       0.000000       0.000000
      8335      7279       0.005240       0.030631       0.000000       0.000000       0.000000       0.000000       0.000000       0.000000         1    -360.000000     360.000000      86.549762     -64.648623     -85.960329      68.094223
      5155      7279       0.339320       3.814667       0.000000       0.000000       0.000000       0.000000       0.000000       0.000000         1    -360.000000     360.000000       1.095774      -0.155808      -1.091863       0.199770
       271      7279       0.226960       2.614933       0.000000       0.000000       0.000000       0.000000       0.000000       0.000000         1    -360.000000     360.000000       2.468755       0.071462      -2.455938       0.076209
      2449      7279       0.190671       0.719378       0.000000       0.000000       0.000000       0.000000       0.000000       0.000000         1    -360.000000     360.000000      20.677033       3.766199     -19.964132      -1.076514
      4665      7279       1.050222       2.105556       0.000000       0.000000       0.000000       0.000000       0.000000       0.000000         1    -360.000000     360.000000       1.273814      -0.370907      -1.256687       0.405245
      4495      7279       1.431644       4.294578       0.000000       0.000000       0.000000       0.000000       0.000000       0.000000         1    -360.000000     360.000000       0.929047      -0.180709      -0.917156       0.216380
      1611      7279       0.022618       0.161089       0.000000       0.000000       0.000000       0.000000       0.000000       0.000000         1    -360.000000     360.000000      46.750379       3.045256     -46.296910       0.184422
      5509      1579       0.000880       0.008950       0.000000    1830.000000       0.000000       0.000000       0.000000       0.000000         1    -360.000000     360.000000    -178.935032     -71.439367     179.262718      74.772087
      8335      1531       0.000000       0.000222       0.000000     319.000000       0.000000       0.000000       0.000000       0.000000         1    -360.000000     360.000000    -191.007595     -14.235130     191.007595      14.313632
      5155      8335       1.827778       7.768000       0.000000       0.000000       0.000000       0.000000       0.000000       0.000000         1    -360.000000     360.000000       0.182041       0.123034      -0.181211      -0.119506
      2449      8335       0.020849       0.153382       0.000000       0.000000       0.000000       0.000000       0.000000       0.000000         1    -360.000000     360.000000      76.203151      41.547275     -74.873762     -31.767221
      4665      8335       0.156231       0.656267       0.000000       0.000000       0.000000       0.000000       0.000000       0.000000         1    -360.000000     360.000000       0.756849       3.040187      -0.742641      -2.980505
      4495      8335       0.176498       0.891556       0.000000       0.000000       0.000000       0.000000       0.000000       0.000000         1    -360.000000     360.000000       1.720512       1.988373      -1.709198      -1.931218
      7762      2268       0.000670       0.007770       0.000000    1633.000000       0.000000       0.000000       0.000000       0.000000         1    -360.000000     360.000000     360.136503     204.695134    -359.011018    -191.642869
      5155       271       0.004578       0.061889       0.000000       0.000000       0.000000       0.000000       0.000000       0.000000         1    -360.000000     360.000000     -35.843881     -10.829163      35.904265      11.645487
      5155      2908       0.013480       0.059320       0.000000       0.000000       0.000000       0.000000       0.000000       0.000000         1    -360.000000     360.000000      -5.892627      16.281726       5.930648     -16.114408
      4665      5155       0.066391       2.802622       0.000000       0.000000       0.000000       0.000000       0.000000       0.000000         1    -360.000000     360.000000      -0.417716       0.305504       0.417880      -0.298550
      4495      5155       0.194258       2.220444       0.000000       0.000000       0.000000       0.000000       0.000000       0.000000         1    -360.000000     360.000000       0.023719       0.348645      -0.023499      -0.346130
      5155      1611       0.008151       0.072822       0.000000       0.000000       0.000000       0.000000       0.000000       0.000000         1    -360.000000     360.000000     -45.203396     -15.973755      45.379650      17.548437
       271      2908       0.016502       0.055382       0.000000       0.000000       0.000000       0.000000       0.000000       0.000000         1    -360.000000     360.000000      34.886904      21.507715     -34.630291     -20.646503
      4665       271       0.080600       4.633778       0.000000       0.000000       0.000000       0.000000       0.000000       0.000000         1    -360.000000     360.000000      -0.730369       0.015322       0.730767       0.007590
      4495       271       0.831556       3.729644       0.000000       0.000000       0.000000       0.000000       0.000000       0.000000         1    -360.000000     360.000000      -0.565354       0.109613       0.567911      -0.098144
       271      1611       0.007951       0.074151       0.000000       0.000000       0.000000       0.000000       0.000000       0.000000         1    -360.000000     360.000000     -14.185136      -8.231028      14.204935       8.415671
      1579      5848       0.000400       0.003620       0.000000    1633.000000       0.000000       0.000000       0.000000       0.000000         1    -360.000000     360.000000    -179.262718     -57.994663     179.402872      59.263056
      7051      8847       0.000150       0.001770       0.000000    1600.000000       0.000000       0.000000       0.000000       0.000000         1    -360.000000     360.000000     315.892875      81.407251    -315.737656     -79.575672
      5776      8229       0.000000       0.000222       0.000000       0.000000       0.000000       0.000000       0.000000       0.000000         1    -360.000000     360.000000       0.000000       0.000000       0.000000       0.000000
       317      6233       0.000020       0.000220       0.000000    1698.000000       0.000000       0.000000       0.000000       0.000000         1    -360.000000     360.000000    -514.709033    -142.474384     514.760566     143.041243
      4665      2449       0.028640       0.172902       0.000000       0.000000       0.000000       0.000000       0.000000       0.000000         1    -360.000000     360.000000     -66.155702     -14.784110      67.375022      22.145240
      2449      4495       0.017591       0.140400       0.000000       0.000000       0.000000       0.000000       0.000000       0.000000         1    -360.000000     360.000000      73.556711      31.304077     -72.605184     -23.709604
      4665      4495       0.007520       0.031711       0.000000       0.000000       0.000000       0.000000       0.000000       0.000000         1    -360.000000     360.000000     -35.014237       9.857961      35.106427      -9.469209
      1611      8420       0.000000       0.000222       0.000000     566.000000       0.000000       0.000000       0.000000       0.000000         1    -360.000000     360.000000    -457.860487    -152.790484     457.860487     153.262936
      9024      6542       0.000742       0.067219       0.000000       0.000000       0.000000       0.000000       0.994359       0.000000         1    -360.000000     360.000000     122.352973      -6.945171    -122.254502      15.865744
      9024      6542       0.000793       0.063880       0.000000       0.000000       0.000000       0.000000       0.998418       0.000000         1    -360.000000     360.000000     128.123702     -14.626535    -128.006221      24.090217
      6069      9192       0.000609       0.046809       0.000000     711.000000       0.000000       0.000000       0.933053       0.000000         1    -360.000000     360.000000     187.745859      57.123150    -187.532062     -40.690319
      6069      1968       0.000590       0.045210       0.000000     711.000000       0.000000       0.000000       0.912230       0.000000         1    -360.000000     360.000000     209.136426     120.405387    -208.837043     -97.464495
      7829      1968       0.519194       5.108058       0.000000       0.000000       0.000000       0.000000       0.000000       0.000000         1    -360.000000     360.000000       2.405354       0.673035      -2.376583      -0.389973
      8574      2299       0.000559       0.039982       0.000000       0.000000       0.000000       0.000000       0.919523       0.000000         1    -360.000000     360.000000     362.266749     153.788328    -361.539683    -101.785551
      8574      5587       0.000537       0.045312       0.000000       0.000000       0.000000       0.000000       0.948262       0.000000         1    -360.000000     360.000000     277.606591      53.232653    -277.223421     -20.900775
      4929      1815       0.000889       0.061549       0.000000       0.000000       0.000000       0.000000       0.996867       0.000000         1    -360.000000     360.000000     148.075199       1.390722    -147.900485      10.705399
      1815       792       1.467822       7.764888       0.000000       0.000000       0.000000       0.000000       0.000000       0.000000         1    -360.000000     360.000000       0.731544       0.200092      -0.723998      -0.160175
      6704      4586       0.000586       0.049031       0.000000     678.000000       0.000000       0.000000       0.923407       0.000000         1    -360.000000     360.000000     300.792528     102.309544    -300.291648     -60.400596
      2441      3506       0.000417       0.047801       0.000000     678.000000       0.000000       0.000000       0.952413       0.000000         1    -360.000000     360.000000     238.385902      93.197108    -238.133574     -64.272536
      1367      6826       0.000755       0.051430       0.000000       0.000000       0.000000       0.000000       0.924009       0.000000         1    -360.000000     360.000000     297.402747      81.369736    -296.817599     -41.509924
      1676       228       0.000733       0.052399       0.000000     678.000000       0.000000       0.000000       0.934986       0.000000         1    -360.000000     360.000000     252.165951      67.457784    -251.737396     -36.822259
      7829      6826       0.000780       0.064311       0.000000       0.000000       0.000000       0.000000       0.000000       0.000000         1    -360.000000     360.000000      93.347309     -24.250128     -93.282864      29.563661
       659      3279       0.000890       0.048632       0.000000       0.000000       0.000000       0.000000       0.987002       0.000000         1    -360.000000     360.000000     340.656134      86.553902    -339.686711     -33.582002
      5210       792       0.008550       0.089720       0.000000       0.000000       0.000000       0.000000       0.000000       0.000000         1    -360.000000     360.000000      56.292966      -5.498572     -56.036583       8.188943
      1445       792       0.002230       0.048360       0.000000       0.000000       0.000000       0.000000       0.000000       0.000000         1    -360.000000     360.000000      94.816101      -1.513862     -94.628748       5.576806
      7180      2168       0.000581       0.043111       0.000000     678.000000       0.000000       0.000000       0.924038       0.000000         1    -360.000000     360.000000     260.946196      94.051156    -260.541364     -64.012038
      6833      8964       0.000579       0.043272       0.000000     711.000000       0.000000       0.000000       0.901005       0.000000         1    -360.000000     360.000000     271.901346     156.241408    -271.408426    -119.402599
      3659      3242       0.000586       0.049031       0.000000     711.000000       0.000000       0.000000       0.923407       0.000000         1    -360.000000     360.000000     447.691450     232.767112    -446.542279    -136.615278
      8181      4427       0.000559       0.049192       0.000000       0.000000       0.000000       0.000000       0.924009       0.000000         1    -360.000000     360.000000     241.560667     115.172588    -241.220364     -85.225923
      9025      7563       0.000573       0.051129       0.000000     678.000000       0.000000       0.000000       0.934986       0.000000         1    -360.000000     360.000000     323.316033      91.393082    -322.755917     -41.413676
      2267      5210       0.000417       0.039229       0.000000     744.000000       0.000000       0.000000       0.967059       0.000000         1    -360.000000     360.000000     556.002276     161.835461    -554.790286     -47.818341
      5210      7279       0.230542       1.197733       0.000000       0.000000       0.000000       0.000000       0.000000       0.000000         1    -360.000000     360.000000      19.831854      -1.605965     -18.976381       6.050394
      5210      8335       0.022840       0.264400       0.000000       0.000000       0.000000       0.000000       0.000000       0.000000         1    -360.000000     360.000000      79.410973       6.624809     -78.051534       9.112310
      5210      2449       0.085370       0.736798       0.000000       0.000000       0.000000       0.000000       0.000000       0.000000         1    -360.000000     360.000000      14.465460      -8.467210     -14.240651      10.407460
      5210      4665       1.402768       3.640289       0.000000       0.000000       0.000000       0.000000       0.000000       0.000000         1    -360.000000     360.000000       5.218630      -1.598517      -4.826945       2.614970
      5210      4495       1.050227       4.450207       0.000000       0.000000       0.000000       0.000000       0.000000       0.000000         1    -360.000000     360.000000       4.339312      -0.728245      -4.148731       1.535806
      8179      7279       0.000716       0.043710       0.000000       0.000000       0.000000       0.000000       0.934986       0.000000         1    -360.000000     360.000000     348.666862     107.831080    -347.834784     -57.034823
      1445      7279       0.518622       2.317689       0.000000       0.000000       0.000000       0.000000       0.000000       0.000000         1    -360.000000     360.000000       9.970166      -1.061340      -9.483053       3.238214
      5509      8335       0.000590       0.045662       0.000000       0.000000       0.000000       0.000000       0.955958       0.000000         1    -360.000000     360.000000     217.487412      66.473787    -217.207684     -44.824711
      5509      1531       0.000603       0.050959       0.000000       0.000000       0.000000       0.000000       0.968125       0.000000         1    -360.000000     360.000000     191.220824      32.333396    -191.007595     -14.313632
      1445      8335       0.047769       0.554178       0.000000       0.000000       0.000000       0.000000       0.000000       0.000000         1    -360.000000     360.000000      37.064538       3.382513     -36.446315       3.789617
      7762      5155       0.000591       0.045153       0.000000       0.000000       0.000000       0.000000       0.918868       0.000000         1    -360.000000     360.000000     318.387290     183.747003    -317.727193    -133.314874
      7762       271       0.000600       0.047778       0.000000     711.000000       0.000000       0.000000       0.948976       0.000000         1    -360.000000     360.000000     245.742684      67.282033    -245.399310     -39.939164
      7829      5776       0.024360       0.270151       0.000000       0.000000       0.000000       0.000000       0.000000       0.000000         1    -360.000000     360.000000      18.607337      -6.462907     -18.523383       7.393956
      8329      1445       0.000802       0.057270       0.000000       0.000000       0.000000       0.000000       0.967021       0.000000         1    -360.000000     360.000000     191.928328      92.407329    -191.616358     -70.129867
      8329      1445       0.000823       0.056059       0.000000       0.000000       0.000000       0.000000       0.967021       0.000000         1    -360.000000     360.000000     196.136369      94.269859    -195.802256     -71.511596
      1445      2449       0.188099       1.291901       0.000000       0.000000       0.000000       0.000000       0.000000       0.000000         1    -360.000000     360.000000       7.690298      -4.906336      -7.544061       5.910718
      1445      4665       2.466323       7.263430       0.000000       0.000000       0.000000       0.000000       0.000000       0.000000         1    -360.000000     360.000000       2.629250      -0.675804      -2.459435       1.175918
      2268      2908       0.000523       0.050352       0.000000     744.000000       0.000000       0.000000       0.934622       0.000000         1    -360.000000     360.000000     203.922031      91.787362    -203.690299     -69.477302
      8847      5776       0.000682       0.049638       0.000000       0.000000       0.000000       0.000000       0.913034       0.000000         1    -360.000000     360.000000     276.196147      88.592694    -275.729295     -54.613852
      8847      8103       0.000990       0.047360       0.000000       0.000000       0.000000       0.000000       1.012146       0.000000         1    -360.000000     360.000000      39.356306      -9.919934     -39.340000      10.700000
       317      2449       0.000616       0.048759       0.000000     678.000000       0.000000       0.000000       0.933053       0.000000         1    -360.000000     360.000000     514.658173     140.457458    -513.279390     -31.320989
      7637      8581       0.000090       0.015499       0.000000    1698.000000       0.000000       0.000000       0.000000      -0.428189         1    -360.000000     360.000000   -1297.708006     104.033258    1299.130000     140.850001
      5848      7526       0.000090       0.009630       0.000000    1698.000000       0.000000       0.000000       0.000000       0.178581         1    -360.000000     360.000000    -179.698327     -59.690956     179.730000      63.080000
        89      4495       0.000664       0.045609       0.000000       0.000000       0.000000       0.000000       0.924009       0.000000         1    -360.000000     360.000000     268.068460     110.724793    -267.590261     -77.878155
      2520      4665       0.000649       0.044862       0.000000     711.000000       0.000000       0.000000       0.933053       0.000000         1    -360.000000     360.000000     291.174904      90.531070    -290.649283     -54.197620
      5996      8420       0.000670       0.043260       0.000000     744.000000       0.000000       0.000000       0.923407       0.000000         1    -360.000000     360.000000     459.286357     245.327300    -457.860487    -153.262936
      2154      5996       0.000090       0.009901       0.000000    1698.000000       0.000000       0.000000       0.000000      -0.153178         1    -360.000000     360.000000     357.137366     -39.087077    -357.029609      50.941547
mpc.branch.end

