# Imported from MATPOWER Case Format
mpc.version
2
mpc.version.end

# System MVA base
mpc.baseMVA
100
mpc.baseMVA.end

# Bus data: bus_i	type	Pd	Qd	Gs	Bs	area	Vm	Va	baseKV	zone	Vmax	Vmin
mpc.bus
         1         2      51.000000      27.000000       0.000000       0.000000         1       0.955000      10.972740     138.000000         1       1.060000       0.940000
         2         1      20.000000       9.000000       0.000000       0.000000         1       0.971393      11.512547     138.000000         1       1.060000       0.940000
         3         1      39.000000      10.000000       0.000000       0.000000         1       0.967692      11.856190     138.000000         1       1.060000       0.940000
         4         2      39.000000      12.000000       0.000000       0.000000         1       0.998000      15.574090     138.000000         1       1.060000       0.940000
         5         1       0.000000       0.000000       0.000000     -40.000000         1       1.001985      16.019179     138.000000         1       1.060000       0.940000
         6         2      52.000000      22.000000       0.000000       0.000000         1       0.990000      13.291872     138.000000         1       1.060000       0.940000
         7         1      19.000000       2.000000       0.000000       0.000000         1       0.989328      12.847338     138.000000         1       1.060000       0.940000
         8         2      28.000000       0.000000       0.000000       0.000000         1       1.015000      21.040584     345.000000         1       1.060000       0.940000
         9         1       0.000000       0.000000       0.000000       0.000000         1       1.042918      28.294689     345.000000         1       1.060000       0.940000
        10         2       0.000000       0.000000       0.000000       0.000000         1       1.050000      35.875599     345.000000         1       1.060000       0.940000
        11         1      70.000000      23.000000       0.000000       0.000000         1       0.985089      13.005800     138.000000         1       1.060000       0.940000
        12         2      47.000000      10.000000       0.000000       0.000000         1       0.990000      12.488912     138.000000         1       1.060000       0.940000
        13         1      34.000000      16.000000       0.000000       0.000000         1       0.968302      11.629748     138.000000         1       1.060000       0.940000
        14         1      14.000000       1.000000       0.000000       0.000000         1       0.983591      11.771459     138.000000         1       1.060000       0.940000
        15         2      90.000000      30.000000       0.000000       0.000000         1       0.970000      11.474147     138.000000         1       1.060000       0.940000
        16         1      25.000000      10.000000       0.000000       0.000000         1       0.983897      12.187338     138.000000         1       1.060000       0.940000
        17         1      11.000000       3.000000       0.000000       0.000000         1       0.995089      13.995221     138.000000         1       1.060000       0.940000
        18         2      60.000000      34.000000       0.000000       0.000000         1       0.973000      11.780792     138.000000         1       1.060000       0.940000
        19         2      45.000000      25.000000       0.000000       0.000000         1       0.962000      11.314648     138.000000         1       1.060000       0.940000
        20         1      18.000000       3.000000       0.000000       0.000000         1       0.956934      12.191004     138.000000         1       1.060000       0.940000
        21         1      14.000000       8.000000       0.000000       0.000000         1       0.957725      13.777986     138.000000         1       1.060000       0.940000
        22         1      10.000000       5.000000       0.000000       0.000000         1       0.969019      16.331637     138.000000         1       1.060000       0.940000
        23         1       7.000000       3.000000       0.000000       0.000000         1       0.999469      21.248704     138.000000         1       1.060000       0.940000
        24         2      13.000000       0.000000       0.000000       0.000000         1       0.992000      21.113869     138.000000         1       1.060000       0.940000
        25         2       0.000000       0.000000       0.000000       0.000000         1       1.050000      28.179839     138.000000         1       1.060000       0.940000
        26         2       0.000000       0.000000       0.000000       0.000000         1       1.015000      29.960195     345.000000         1       1.060000       0.940000
        27         2      71.000000      13.000000       0.000000       0.000000         1       0.968000      15.604439     138.000000         1       1.060000       0.940000
        28         1      17.000000       7.000000       0.000000       0.000000         1       0.961568      13.878871     138.000000         1       1.060000       0.940000
        29         1      24.000000       4.000000       0.000000       0.000000         1       0.963216      12.885420     138.000000         1       1.060000       0.940000
        30         1       0.000000       0.000000       0.000000       0.000000         1       0.985333      19.033753     345.000000         1       1.060000       0.940000
        31         2      43.000000      27.000000       0.000000       0.000000         1       0.967000      13.001899     138.000000         1       1.060000       0.940000
        32         2      59.000000      23.000000       0.000000       0.000000         1       0.963000      15.060641     138.000000         1       1.060000       0.940000
        33         1      23.000000       9.000000       0.000000       0.000000         1       0.970934      10.853773     138.000000         1       1.060000       0.940000
        34         2      59.000000      26.000000       0.000000      14.000000         1       0.984000      11.511416     138.000000         1       1.060000       0.940000
        35         1      33.000000       9.000000       0.000000       0.000000         1       0.980452      11.055050     138.000000         1       1.060000       0.940000
        36         2      31.000000      17.000000       0.000000       0.000000         1       0.980000      11.055512     138.000000         1       1.060000       0.940000
        37         1       0.000000       0.000000       0.000000     -25.000000         1       0.990661      11.966679     138.000000         1       1.060000       0.940000
        38         1       0.000000       0.000000       0.000000       0.000000         1       0.961286      17.107590     345.000000         1       1.060000       0.940000
        39         1      27.000000      11.000000       0.000000       0.000000         1       0.969961       8.576584     138.000000         1       1.060000       0.940000
        40         2      66.000000      23.000000       0.000000       0.000000         1       0.970000       7.495505     138.000000         1       1.060000       0.940000
        41         1      37.000000      10.000000       0.000000       0.000000         1       0.966832       7.051551     138.000000         1       1.060000       0.940000
        42         2      96.000000      23.000000       0.000000       0.000000         1       0.985000       8.652890     138.000000         1       1.060000       0.940000
        43         1      18.000000       7.000000       0.000000       0.000000         1       0.977121      11.460359     138.000000         1       1.060000       0.940000
        44         1      16.000000       8.000000       0.000000      10.000000         1       0.984436      13.943280     138.000000         1       1.060000       0.940000
        45         1      53.000000      22.000000       0.000000      10.000000         1       0.986383      15.772584     138.000000         1       1.060000       0.940000
        46         2      28.000000      10.000000       0.000000      10.000000         1       1.005000      18.575733     138.000000         1       1.060000       0.940000
        47         1      34.000000       0.000000       0.000000       0.000000         1       1.017052      20.799125     138.000000         1       1.060000       0.940000
        48         1      20.000000      11.000000       0.000000      15.000000         1       1.020633      20.018503     138.000000         1       1.060000       0.940000
        49         2      87.000000      30.000000       0.000000       0.000000         1       1.025000      21.021613     138.000000         1       1.060000       0.940000
        50         1      17.000000       4.000000       0.000000       0.000000         1       1.001083      18.982855     138.000000         1       1.060000       0.940000
        51         1      17.000000       8.000000       0.000000       0.000000         1       0.966877      16.364183     138.000000         1       1.060000       0.940000
        52         1      18.000000       5.000000       0.000000       0.000000         1       0.956818      15.410851     138.000000         1       1.060000       0.940000
        53         1      23.000000      11.000000       0.000000       0.000000         1       0.945983      14.436149     138.000000         1       1.060000       0.940000
        54         2     113.000000      32.000000       0.000000       0.000000         1       0.955000      15.348053     138.000000         1       1.060000       0.940000
        55         2      63.000000      22.000000       0.000000       0.000000         1       0.952000      15.058217     138.000000         1       1.060000       0.940000
        56         2      84.000000      18.000000       0.000000       0.000000         1       0.954000      15.244870     138.000000         1       1.060000       0.940000
        57         1      12.000000       3.000000       0.000000       0.000000         1       0.970583      16.449231     138.000000         1       1.060000       0.940000
        58         1      12.000000       3.000000       0.000000       0.000000         1       0.959039      15.592484     138.000000         1       1.060000       0.940000
        59         2     277.000000     113.000000       0.000000       0.000000         1       0.985000      19.448465     138.000000         1       1.060000       0.940000
        60         1      78.000000       3.000000       0.000000       0.000000         1       0.993156      23.230120     138.000000         1       1.060000       0.940000
        61         2       0.000000       0.000000       0.000000       0.000000         1       0.995000      24.121486     138.000000         1       1.060000       0.940000
        62         2      77.000000      14.000000       0.000000       0.000000         1       0.998000      23.504834     138.000000         1       1.060000       0.940000
        63         1       0.000000       0.000000       0.000000       0.000000         1       0.968737      22.827409     345.000000         1       1.060000       0.940000
        64         1       0.000000       0.000000       0.000000       0.000000         1       0.983739      24.593361     345.000000         1       1.060000       0.940000
        65         2       0.000000       0.000000       0.000000       0.000000         1       1.005000      27.719103     345.000000         1       1.060000       0.940000
        66         2      39.000000      18.000000       0.000000       0.000000         1       1.050000      27.558679     138.000000         1       1.060000       0.940000
        67         1      28.000000       7.000000       0.000000       0.000000         1       1.019682      24.918966     138.000000         1       1.060000       0.940000
        68         1       0.000000       0.000000       0.000000       0.000000         1       1.003249      27.597833     345.000000         1       1.060000       0.940000
        69         3       0.000000       0.000000       0.000000       0.000000         1       1.035000      30.000000     138.000000         1       1.060000       0.940000
        70         2      66.000000      20.000000       0.000000       0.000000         1       0.984000      22.617920     138.000000         1       1.060000       0.940000
        71         1       0.000000       0.000000       0.000000       0.000000         1       0.986845      22.206903     138.000000         1       1.060000       0.940000
        72         2      12.000000       0.000000       0.000000       0.000000         1       0.980000      21.108561     138.000000         1       1.060000       0.940000
        73         2       6.000000       0.000000       0.000000       0.000000         1       0.991000      21.995409     138.000000         1       1.060000       0.940000
        74         2      68.000000      27.000000       0.000000      12.000000         1       0.958000      21.668562     138.000000         1       1.060000       0.940000
        75         1      47.000000      11.000000       0.000000       0.000000         1       0.967332      22.930211     138.000000         1       1.060000       0.940000
        76         2      68.000000      36.000000       0.000000       0.000000         1       0.943000      21.798787     138.000000         1       1.060000       0.940000
        77         2      61.000000      28.000000       0.000000       0.000000         1       1.006000      26.750637     138.000000         1       1.060000       0.940000
        78         1      71.000000      26.000000       0.000000       0.000000         1       1.003424      26.446613     138.000000         1       1.060000       0.940000
        79         1      39.000000      32.000000       0.000000      20.000000         1       1.009223      26.745437     138.000000         1       1.060000       0.940000
        80         2     130.000000      26.000000       0.000000       0.000000         1       1.040000      28.990069     138.000000         1       1.060000       0.940000
        81         1       0.000000       0.000000       0.000000       0.000000         1       0.996807      28.144890     345.000000         1       1.060000       0.940000
        82         1      54.000000      27.000000       0.000000      20.000000         1       0.988545      27.271737     138.000000         1       1.060000       0.940000
        83         1      20.000000      10.000000       0.000000      10.000000         1       0.984377      28.463946     138.000000         1       1.060000       0.940000
        84         1      11.000000       7.000000       0.000000       0.000000         1       0.979704      31.000309     138.000000         1       1.060000       0.940000
        85         2      24.000000      15.000000       0.000000       0.000000         1       0.985000      32.555621     138.000000         1       1.060000       0.940000
        86         1      21.000000      10.000000       0.000000       0.000000         1       0.986691      31.186173     138.000000         1       1.060000       0.940000
        87         2       0.000000       0.000000       0.000000       0.000000         1       1.015000      31.445385     161.000000         1       1.060000       0.940000
        88         1      48.000000      10.000000       0.000000       0.000000         1       0.987453      35.690351     138.000000         1       1.060000       0.940000
        89         2       0.000000       0.000000       0.000000       0.000000         1       1.005000      39.748343     138.000000         1       1.060000       0.940000
        90         2     163.000000      42.000000       0.000000       0.000000         1       0.985000      33.338370     138.000000         1       1.060000       0.940000
        91         2      10.000000       0.000000       0.000000       0.000000         1       0.980000      33.350635     138.000000         1       1.060000       0.940000
        92         2      65.000000      10.000000       0.000000       0.000000         1       0.990000      33.880799     138.000000         1       1.060000       0.940000
        93         1      12.000000       7.000000       0.000000       0.000000         1       0.985433      30.849095     138.000000         1       1.060000       0.940000
        94         1      30.000000      16.000000       0.000000       0.000000         1       0.989830      28.682205     138.000000         1       1.060000       0.940000
        95         1      42.000000      31.000000       0.000000       0.000000         1       0.980332      27.709556     138.000000         1       1.060000       0.940000
        96         1      38.000000      15.000000       0.000000       0.000000         1       0.992283      27.542586     138.000000         1       1.060000       0.940000
        97         1      15.000000       9.000000       0.000000       0.000000         1       1.011166      27.915843     138.000000         1       1.060000       0.940000
        98         1      34.000000       8.000000       0.000000       0.000000         1       1.023509      27.433349     138.000000         1       1.060000       0.940000
        99         2      42.000000       0.000000       0.000000       0.000000         1       1.010000      27.066767     138.000000         1       1.060000       0.940000
       100         2      37.000000      18.000000       0.000000       0.000000         1       1.017000      28.058842     138.000000         1       1.060000       0.940000
       101         1      22.000000      15.000000       0.000000       0.000000         1       0.991420      29.646882     138.000000         1       1.060000       0.940000
       102         1       5.000000       3.000000       0.000000       0.000000         1       0.989131      32.364986     138.000000         1       1.060000       0.940000
       103         2      23.000000      16.000000       0.000000       0.000000         1       1.010000      24.317752     138.000000         1       1.060000       0.940000
       104         2      38.000000      25.000000       0.000000       0.000000         1       0.971000      21.747767     138.000000         1       1.060000       0.940000
       105         2      31.000000      26.000000       0.000000      20.000000         1       0.965000      20.643565     138.000000         1       1.060000       0.940000
       106         1      43.000000      16.000000       0.000000       0.000000         1       0.961146      20.383404     138.000000         1       1.060000       0.940000
       107         2      50.000000      12.000000       0.000000       6.000000         1       0.952000      17.582668     138.000000         1       1.060000       0.940000
       108         1       2.000000       1.000000       0.000000       0.000000         1       0.966212      19.443485     138.000000         1       1.060000       0.940000
       109         1       8.000000       3.000000       0.000000       0.000000         1       0.967026      18.990886     138.000000         1       1.060000       0.940000
       110         2      39.000000      30.000000       0.000000       6.000000         1       0.973000      18.144027     138.000000         1       1.060000       0.940000
       111         2       0.000000       0.000000       0.000000       0.000000         1       0.980000      19.789108     138.000000         1       1.060000       0.940000
       112         2      68.000000      13.000000       0.000000       0.000000         1       0.975000      15.044809     138.000000         1       1.060000       0.940000
       113         2       6.000000       0.000000       0.000000       0.000000         1       0.993000      13.992582     138.000000         1       1.060000       0.940000
       114         1       8.000000       3.000000       0.000000       0.000000         1       0.960093      14.726406     138.000000         1       1.060000       0.940000
       115         1      22.000000       7.000000       0.000000       0.000000         1       0.960023      14.718126     138.000000         1       1.060000       0.940000
       116         2     184.000000       0.000000       0.000000       0.000000         1       1.005000      27.162845     138.000000         1       1.060000       0.940000
       117         1      20.000000       8.000000       0.000000       0.000000         1       0.973824      10.947912     138.000000         1       1.060000       0.940000
       118         1      33.000000      15.000000       0.000000       0.000000         1       0.949438      21.941867     138.000000         1       1.060000       0.940000
mpc.bus.end

# generator data: bus	Pg	Qg	Qmax	Qmin	Vg	mBase	status	Pmax	Pmin	Pc1	Pc2	Qc1min	Qc1max	Qc2min	Qc2max	ramp_agc	ramp_10	ramp_30	ramp_q	apf
mpc.gen
         1       0.000000      -3.104097      15.000000      -5.000000       0.955000     100.000000         1     100.000000       0.000000       0.000000       0.000000       0.000000       0.000000       0.000000       0.000000       0.000000       0.000000       0.000000       0.000000       0.000000
         4       0.000000     -15.009647     300.000000    -300.000000       0.998000     100.000000         1     100.000000       0.000000       0.000000       0.000000       0.000000       0.000000       0.000000       0.000000       0.000000       0.000000       0.000000       0.000000       0.000000
         6       0.000000      15.929766      50.000000     -13.000000       0.990000     100.000000         1     100.000000       0.000000       0.000000       0.000000       0.000000       0.000000       0.000000       0.000000       0.000000       0.000000       0.000000       0.000000       0.000000
         8       0.000000      63.138444     300.000000    -300.000000       1.015000     100.000000         1     100.000000       0.000000       0.000000       0.000000       0.000000       0.000000       0.000000       0.000000       0.000000       0.000000       0.000000       0.000000       0.000000
        10     450.000000     -51.042152     200.000000    -147.000000       1.050000     100.000000         1     550.000000       0.000000       0.000000       0.000000       0.000000       0.000000       0.000000       0.000000       0.000000       0.000000       0.000000       0.000000       0.000000
        12      85.000000      91.291736     120.000000     -35.000000       0.990000     100.000000         1     185.000000       0.000000       0.000000       0.000000       0.000000       0.000000       0.000000       0.000000       0.000000       0.000000       0.000000       0.000000       0.000000
        15       0.000000       7.160454      30.000000     -10.000000       0.970000     100.000000         1     100.000000       0.000000       0.000000       0.000000       0.000000       0.000000       0.000000       0.000000       0.000000       0.000000       0.000000       0.000000       0.000000
        18       0.000000      28.426324      50.000000     -16.000000       0.973000     100.000000         1     100.000000       0.000000       0.000000       0.000000       0.000000       0.000000       0.000000       0.000000       0.000000       0.000000       0.000000       0.000000       0.000000
        19       0.000000     -14.274172      24.000000      -8.000000       0.962000     100.000000         1     100.000000       0.000000       0.000000       0.000000       0.000000       0.000000       0.000000       0.000000       0.000000       0.000000       0.000000       0.000000       0.000000
        24       0.000000     -14.907621     300.000000    -300.000000       0.992000     100.000000         1     100.000000       0.000000       0.000000       0.000000       0.000000       0.000000       0.000000       0.000000       0.000000       0.000000       0.000000       0.000000       0.000000
        25     220.000000      50.043257     140.000000     -47.000000       1.050000     100.000000         1     320.000000       0.000000       0.000000       0.000000       0.000000       0.000000       0.000000       0.000000       0.000000       0.000000       0.000000       0.000000       0.000000
        26     314.000000      10.124724    1000.000000   -1000.000000       1.015000     100.000000         1     414.000000       0.000000       0.000000       0.000000       0.000000       0.000000       0.000000       0.000000       0.000000       0.000000       0.000000       0.000000       0.000000
        27       0.000000       3.982350     300.000000    -300.000000       0.968000     100.000000         1     100.000000       0.000000       0.000000       0.000000       0.000000       0.000000       0.000000       0.000000       0.000000       0.000000       0.000000       0.000000       0.000000
        31       7.000000      32.586014     300.000000    -300.000000       0.967000     100.000000         1     107.000000       0.000000       0.000000       0.000000       0.000000       0.000000       0.000000       0.000000       0.000000       0.000000       0.000000       0.000000       0.000000
        32       0.000000     -16.284775      42.000000     -14.000000       0.963000     100.000000         1     100.000000       0.000000       0.000000       0.000000       0.000000       0.000000       0.000000       0.000000       0.000000       0.000000       0.000000       0.000000       0.000000
        34       0.000000     -20.827112      24.000000      -8.000000       0.984000     100.000000         1     100.000000       0.000000       0.000000       0.000000       0.000000       0.000000       0.000000       0.000000       0.000000       0.000000       0.000000       0.000000       0.000000
        36       0.000000       7.725079      24.000000      -8.000000       0.980000     100.000000         1     100.000000       0.000000       0.000000       0.000000       0.000000       0.000000       0.000000       0.000000       0.000000       0.000000       0.000000       0.000000       0.000000
        40       0.000000      28.454070     300.000000    -300.000000       0.970000     100.000000         1     100.000000       0.000000       0.000000       0.000000       0.000000       0.000000       0.000000       0.000000       0.000000       0.000000       0.000000       0.000000       0.000000
        42       0.000000      41.029575     300.000000    -300.000000       0.985000     100.000000         1     100.000000       0.000000       0.000000       0.000000       0.000000       0.000000       0.000000       0.000000       0.000000       0.000000       0.000000       0.000000       0.000000
        46      19.000000      -5.029457     100.000000    -100.000000       1.005000     100.000000         1     119.000000       0.000000       0.000000       0.000000       0.000000       0.000000       0.000000       0.000000       0.000000       0.000000       0.000000       0.000000       0.000000
        49     204.000000     115.845130     210.000000     -85.000000       1.025000     100.000000         1     304.000000       0.000000       0.000000       0.000000       0.000000       0.000000       0.000000       0.000000       0.000000       0.000000       0.000000       0.000000       0.000000
        54      48.000000       3.901064     300.000000    -300.000000       0.955000     100.000000         1     148.000000       0.000000       0.000000       0.000000       0.000000       0.000000       0.000000       0.000000       0.000000       0.000000       0.000000       0.000000       0.000000
        55       0.000000       4.664172      23.000000      -8.000000       0.952000     100.000000         1     100.000000       0.000000       0.000000       0.000000       0.000000       0.000000       0.000000       0.000000       0.000000       0.000000       0.000000       0.000000       0.000000
        56       0.000000      -2.285749      15.000000      -8.000000       0.954000     100.000000         1     100.000000       0.000000       0.000000       0.000000       0.000000       0.000000       0.000000       0.000000       0.000000       0.000000       0.000000       0.000000       0.000000
        59     155.000000      76.833952     180.000000     -60.000000       0.985000     100.000000         1     255.000000       0.000000       0.000000       0.000000       0.000000       0.000000       0.000000       0.000000       0.000000       0.000000       0.000000       0.000000       0.000000
        61     160.000000     -40.394012     300.000000    -100.000000       0.995000     100.000000         1     260.000000       0.000000       0.000000       0.000000       0.000000       0.000000       0.000000       0.000000       0.000000       0.000000       0.000000       0.000000       0.000000
        62       0.000000       1.258373      20.000000     -20.000000       0.998000     100.000000         1     100.000000       0.000000       0.000000       0.000000       0.000000       0.000000       0.000000       0.000000       0.000000       0.000000       0.000000       0.000000       0.000000
        65     391.000000      81.510159     200.000000     -67.000000       1.005000     100.000000         1     491.000000       0.000000       0.000000       0.000000       0.000000       0.000000       0.000000       0.000000       0.000000       0.000000       0.000000       0.000000       0.000000
        66     392.000000      -1.956587     200.000000     -67.000000       1.050000     100.000000         1     492.000000       0.000000       0.000000       0.000000       0.000000       0.000000       0.000000       0.000000       0.000000       0.000000       0.000000       0.000000       0.000000
        69     513.862872     -82.424057     300.000000    -300.000000       1.035000     100.000000         1     805.200000       0.000000       0.000000       0.000000       0.000000       0.000000       0.000000       0.000000       0.000000       0.000000       0.000000       0.000000       0.000000
        70       0.000000       9.669292      32.000000     -10.000000       0.984000     100.000000         1     100.000000       0.000000       0.000000       0.000000       0.000000       0.000000       0.000000       0.000000       0.000000       0.000000       0.000000       0.000000       0.000000
        72       0.000000     -11.130055     100.000000    -100.000000       0.980000     100.000000         1     100.000000       0.000000       0.000000       0.000000       0.000000       0.000000       0.000000       0.000000       0.000000       0.000000       0.000000       0.000000       0.000000
        73       0.000000       9.651371     100.000000    -100.000000       0.991000     100.000000         1     100.000000       0.000000       0.000000       0.000000       0.000000       0.000000       0.000000       0.000000       0.000000       0.000000       0.000000       0.000000       0.000000
        74       0.000000      -5.625209       9.000000      -6.000000       0.958000     100.000000         1     100.000000       0.000000       0.000000       0.000000       0.000000       0.000000       0.000000       0.000000       0.000000       0.000000       0.000000       0.000000       0.000000
        76       0.000000       5.268101      23.000000      -8.000000       0.943000     100.000000         1     100.000000       0.000000       0.000000       0.000000       0.000000       0.000000       0.000000       0.000000       0.000000       0.000000       0.000000       0.000000       0.000000
        77       0.000000      12.170364      70.000000     -20.000000       1.006000     100.000000         1     100.000000       0.000000       0.000000       0.000000       0.000000       0.000000       0.000000       0.000000       0.000000       0.000000       0.000000       0.000000       0.000000
        80     477.000000     105.466465     280.000000    -165.000000       1.040000     100.000000         1     577.000000       0.000000       0.000000       0.000000       0.000000       0.000000       0.000000       0.000000       0.000000       0.000000       0.000000       0.000000       0.000000
        85       0.000000      -5.606589      23.000000      -8.000000       0.985000     100.000000         1     100.000000       0.000000       0.000000       0.000000       0.000000       0.000000       0.000000       0.000000       0.000000       0.000000       0.000000       0.000000       0.000000
        87       4.000000      11.021607    1000.000000    -100.000000       1.015000     100.000000         1     104.000000       0.000000       0.000000       0.000000       0.000000       0.000000       0.000000       0.000000       0.000000       0.000000       0.000000       0.000000       0.000000
        89     607.000000      -5.904955     300.000000    -210.000000       1.005000     100.000000         1     707.000000       0.000000       0.000000       0.000000       0.000000       0.000000       0.000000       0.000000       0.000000       0.000000       0.000000       0.000000       0.000000
        90       0.000000      59.308407     300.000000    -300.000000       0.985000     100.000000         1     100.000000       0.000000       0.000000       0.000000       0.000000       0.000000       0.000000       0.000000       0.000000       0.000000       0.000000       0.000000       0.000000
        91       0.000000     -13.088023     100.000000    -100.000000       0.980000     100.000000         1     100.000000       0.000000       0.000000       0.000000       0.000000       0.000000       0.000000       0.000000       0.000000       0.000000       0.000000       0.000000       0.000000
        92       0.000000     -13.956248       9.000000      -3.000000       0.990000     100.000000         1     100.000000       0.000000       0.000000       0.000000       0.000000       0.000000       0.000000       0.000000       0.000000       0.000000       0.000000       0.000000       0.000000
        99       0.000000     -17.535590     100.000000    -100.000000       1.010000     100.000000         1     100.000000       0.000000       0.000000       0.000000       0.000000       0.000000       0.000000       0.000000       0.000000       0.000000       0.000000       0.000000       0.000000
       100     252.000000      95.552116     155.000000     -50.000000       1.017000     100.000000         1     352.000000       0.000000       0.000000       0.000000       0.000000       0.000000       0.000000       0.000000       0.000000       0.000000       0.000000       0.000000       0.000000
       103      40.000000      75.422364      40.000000     -15.000000       1.010000     100.000000         1     140.000000       0.000000       0.000000       0.000000       0.000000       0.000000       0.000000       0.000000       0.000000       0.000000       0.000000       0.000000       0.000000
       104       0.000000       2.388252      23.000000      -8.000000       0.971000     100.000000         1     100.000000       0.000000       0.000000       0.000000       0.000000       0.000000       0.000000       0.000000       0.000000       0.000000       0.000000       0.000000       0.000000
       105       0.000000     -18.334525      23.000000      -8.000000       0.965000     100.000000         1     100.000000       0.000000       0.000000       0.000000       0.000000       0.000000       0.000000       0.000000       0.000000       0.000000       0.000000       0.000000       0.000000
       107       0.000000       6.557819     200.000000    -200.000000       0.952000     100.000000         1     100.000000       0.000000       0.000000       0.000000       0.000000       0.000000       0.000000       0.000000       0.000000       0.000000       0.000000       0.000000       0.000000
       110       0.000000       0.280834      23.000000      -8.000000       0.973000     100.000000         1     100.000000       0.000000       0.000000       0.000000       0.000000       0.000000       0.000000       0.000000       0.000000       0.000000       0.000000       0.000000       0.000000
       111      36.000000      -1.843825    1000.000000    -100.000000       0.980000     100.000000         1     136.000000       0.000000       0.000000       0.000000       0.000000       0.000000       0.000000       0.000000       0.000000       0.000000       0.000000       0.000000       0.000000
       112       0.000000      41.511693    1000.000000    -100.000000       0.975000     100.000000         1     100.000000       0.000000       0.000000       0.000000       0.000000       0.000000       0.000000       0.000000       0.000000       0.000000       0.000000       0.000000       0.000000
       113       0.000000       6.752626     200.000000    -100.000000       0.993000     100.000000         1     100.000000       0.000000       0.000000       0.000000       0.000000       0.000000       0.000000       0.000000       0.000000       0.000000       0.000000       0.000000       0.000000
       116       0.000000      51.322477    1000.000000   -1000.000000       1.005000     100.000000         1     100.000000       0.000000       0.000000       0.000000       0.000000       0.000000       0.000000       0.000000       0.000000       0.000000       0.000000       0.000000       0.000000
mpc.gen.end

# branch data: fbus	tbus	r	x	b	rateA	rateB	rateC	ratio	angle	status	angmin	angmax PF* QF* PT* QT*
mpc.branch
         1         2       0.030300       0.099900       0.025400       0.000000       0.000000       0.000000       0.000000       0.000000         1    -360.000000     360.000000     -12.352813     -13.041200      12.450420      11.006365
         1         3       0.012900       0.042400       0.010820       0.000000       0.000000       0.000000       0.000000       0.000000         1    -360.000000     360.000000     -38.647187     -17.062897      38.897281      16.884898
         4         5       0.001760       0.007980       0.002100       0.000000       0.000000       0.000000       0.000000       0.000000         1    -360.000000     360.000000    -103.229745     -26.791947     103.430635      27.492804
         3         5       0.024100       0.108000       0.028400       0.000000       0.000000       0.000000       0.000000       0.000000         1    -360.000000     360.000000     -68.110508     -14.488879      69.348982      17.283518
         5         6       0.011900       0.054000       0.014260       0.000000       0.000000       0.000000       0.000000       0.000000         1    -360.000000     360.000000      88.470416       4.106445     -87.539931      -1.298721
         6         7       0.004590       0.020800       0.005500       0.000000       0.000000       0.000000       0.000000       0.000000         1    -360.000000     360.000000      35.539931      -4.771513     -35.479829       4.505182
         8         9       0.002440       0.030500       1.162000       0.000000       0.000000       0.000000       0.000000       0.000000         1    -360.000000     360.000000    -440.635012     -89.733625     445.254650      24.428906
         8         5       0.000000       0.026700       0.000000       0.000000       0.000000       0.000000       0.985000       0.000000         1    -360.000000     360.000000     338.474698     124.726829    -338.474698     -92.007676
         9        10       0.002580       0.032200       1.230000       0.000000       0.000000       0.000000       0.000000       0.000000         1    -360.000000     360.000000    -445.254650     -24.428906     450.000000     -51.042152
         4        11       0.020900       0.068800       0.017480       0.000000       0.000000       0.000000       0.000000       0.000000         1    -360.000000     360.000000      64.229745      -0.217699     -63.363975       1.349061
         5        11       0.020300       0.068200       0.017380       0.000000       0.000000       0.000000       0.000000       0.000000         1    -360.000000     360.000000      77.224665       2.965982     -76.015856      -0.620590
        11        12       0.005950       0.019600       0.005020       0.000000       0.000000       0.000000       0.000000       0.000000         1    -360.000000     360.000000      34.294648     -35.136743     -34.147881      35.130635
         2        12       0.018700       0.061600       0.015720       0.000000       0.000000       0.000000       0.000000       0.000000         1    -360.000000     360.000000     -32.450420     -20.006365      32.732654      19.424047
         3        12       0.048400       0.160000       0.040600       0.000000       0.000000       0.000000       0.000000       0.000000         1    -360.000000     360.000000      -9.786773     -12.396019       9.893209       8.857320
         7        12       0.008620       0.034000       0.008740       0.000000       0.000000       0.000000       0.000000       0.000000         1    -360.000000     360.000000      16.479829      -6.505182     -16.452658       5.756328
        11        13       0.022250       0.073100       0.018760       0.000000       0.000000       0.000000       0.000000       0.000000         1    -360.000000     360.000000      35.085183      11.408273     -34.768144     -12.156387
        12        14       0.021500       0.070700       0.018160       0.000000       0.000000       0.000000       0.000000       0.000000         1    -360.000000     360.000000      18.314355       2.622998     -18.238069      -4.140519
        13        15       0.074400       0.244400       0.062680       0.000000       0.000000       0.000000       0.000000       0.000000         1    -360.000000     360.000000       0.768144      -3.843613      -0.767026      -2.039960
        14        15       0.059500       0.195000       0.050200       0.000000       0.000000       0.000000       0.000000       0.000000         1    -360.000000     360.000000       4.238069       3.140519      -4.207950      -7.831771
        12        16       0.021200       0.083400       0.021400       0.000000       0.000000       0.000000       0.000000       0.000000         1    -360.000000     360.000000       7.507772       4.303157      -7.489384      -6.315344
        15        17       0.013200       0.043700       0.044400       0.000000       0.000000       0.000000       0.000000       0.000000         1    -360.000000     360.000000    -103.856793     -24.268516     105.439022      25.219607
        16        17       0.045400       0.180100       0.046600       0.000000       0.000000       0.000000       0.000000       0.000000         1    -360.000000     360.000000     -17.510616      -3.684656      17.655374      -0.303830
        17        18       0.012300       0.050500       0.012980       0.000000       0.000000       0.000000       0.000000       0.000000         1    -360.000000     360.000000      80.270182      24.763030     -79.389638     -22.404853
        18        19       0.011190       0.049300       0.011420       0.000000       0.000000       0.000000       0.000000       0.000000         1    -360.000000     360.000000      19.389638      16.831177     -19.309532     -17.547263
        19        20       0.025200       0.117000       0.029800       0.000000       0.000000       0.000000       0.000000       0.000000         1    -360.000000     360.000000     -10.624275       5.166548      10.666677      -7.713019
        15        19       0.012000       0.039400       0.010100       0.000000       0.000000       0.000000       0.000000       0.000000         1    -360.000000     360.000000      11.525317      15.719205     -11.474928     -16.496266
        20        21       0.018300       0.084900       0.021600       0.000000       0.000000       0.000000       0.000000       0.000000         1    -360.000000     360.000000     -28.666677       4.713019      28.837401      -5.900572
        21        22       0.020900       0.097000       0.024600       0.000000       0.000000       0.000000       0.000000       0.000000         1    -360.000000     360.000000     -42.837401      -2.099428      43.255745       1.757858
        22        23       0.034200       0.159000       0.040400       0.000000       0.000000       0.000000       0.000000       0.000000         1    -360.000000     360.000000     -53.255745      -6.757858      54.297338       7.685716
        23        24       0.013500       0.049200       0.049800       0.000000       0.000000       0.000000       0.000000       0.000000         1    -360.000000     360.000000       8.283672      10.418757      -8.251888     -15.240599
        23        25       0.015600       0.080000       0.086400       0.000000       0.000000       0.000000       0.000000       0.000000         1    -360.000000     360.000000    -162.563017     -26.158680     166.764478      38.626416
        26        25       0.000000       0.038200       0.000000       0.000000       0.000000       0.000000       0.960000       0.000000         1    -360.000000     360.000000      90.289078      21.584617     -90.289078     -18.639646
        25        27       0.031800       0.163000       0.176400       0.000000       0.000000       0.000000       0.000000       0.000000         1    -360.000000     360.000000     143.524600      30.056487    -137.126584     -15.250225
        27        28       0.019130       0.085500       0.021600       0.000000       0.000000       0.000000       0.000000       0.000000         1    -360.000000     360.000000      32.875765      -0.592058     -32.655073      -0.432144
        28        29       0.023700       0.094300       0.023800       0.000000       0.000000       0.000000       0.000000       0.000000         1    -360.000000     360.000000      15.655073      -6.567856     -15.584590       4.643945
        30        17       0.000000       0.038800       0.000000       0.000000       0.000000       0.000000       0.960000       0.000000         1    -360.000000     360.000000     231.186841      92.969515    -231.186841     -70.101159
         8        30       0.004310       0.050400       0.514000       0.000000       0.000000       0.000000       0.000000       0.000000         1    -360.000000     360.000000      74.160314      28.145241     -73.805410     -75.423494
        26        30       0.007990       0.086000       0.908000       0.000000       0.000000       0.000000       0.000000       0.000000         1    -360.000000     360.000000     223.710922     -11.459893    -219.732807     -36.572030
        17        31       0.047400       0.156300       0.039900       0.000000       0.000000       0.000000       0.000000       0.000000         1    -360.000000     360.000000      14.765927      11.521754     -14.574351     -14.730994
        29        31       0.010800       0.033100       0.008300       0.000000       0.000000       0.000000       0.000000       0.000000         1    -360.000000     360.000000      -8.415410      -8.643945       8.431594       7.920452
        23        32       0.031700       0.115300       0.117300       0.000000       0.000000       0.000000       0.000000       0.000000         1    -360.000000     360.000000      92.982008       5.054207     -90.200632      -6.235515
        31        32       0.029800       0.098500       0.025100       0.000000       0.000000       0.000000       0.000000       0.000000         1    -360.000000     360.000000     -29.857242      12.396556      30.200022     -13.600928
        27        32       0.022900       0.075500       0.019260       0.000000       0.000000       0.000000       0.000000       0.000000         1    -360.000000     360.000000      12.527077       1.764248     -12.486988      -3.427486
        15        33       0.038000       0.124400       0.031940       0.000000       0.000000       0.000000       0.000000       0.000000         1    -360.000000     360.000000       7.306453      -4.418504      -7.281459       1.492196
        19        34       0.075200       0.247000       0.063200       0.000000       0.000000       0.000000       0.000000       0.000000         1    -360.000000     360.000000      -3.591266     -10.397191       3.647122       4.596565
        35        36       0.002240       0.010200       0.002680       0.000000       0.000000       0.000000       0.000000       0.000000         1    -360.000000     360.000000       0.838767       4.036158      -0.838346      -4.291748
        35        37       0.011000       0.049700       0.013180       0.000000       0.000000       0.000000       0.000000       0.000000         1    -360.000000     360.000000     -33.838767     -13.036158      33.987398      12.427465
        33        37       0.041500       0.142000       0.036600       0.000000       0.000000       0.000000       0.000000       0.000000         1    -360.000000     360.000000     -15.718541     -10.492196      15.861143       7.458989
        34        36       0.008710       0.026800       0.005680       0.000000       0.000000       0.000000       0.000000       0.000000         1    -360.000000     360.000000      30.246170       4.695486     -30.161654      -4.983173
        34        37       0.002560       0.009400       0.009840       0.000000       0.000000       0.000000       0.000000       0.000000         1    -360.000000     360.000000     -94.306958     -44.197019      94.592642      44.286780
        38        37       0.000000       0.037500       0.000000       0.000000       0.000000       0.000000       0.935000       0.000000         1    -360.000000     360.000000     243.371318     113.604651    -243.371318     -88.012945
        37        39       0.032100       0.106000       0.027000       0.000000       0.000000       0.000000       0.000000       0.000000         1    -360.000000     360.000000      54.909024       2.979509     -53.916816      -2.298076
        37        40       0.059300       0.168000       0.042000       0.000000       0.000000       0.000000       0.000000       0.000000         1    -360.000000     360.000000      44.021111      -3.675047     -42.848620       2.959926
        30        38       0.004640       0.054000       0.422000       0.000000       0.000000       0.000000       0.000000       0.000000         1    -360.000000     360.000000      62.351377      19.026010     -62.090966     -55.978833
        39        40       0.018400       0.060500       0.015520       0.000000       0.000000       0.000000       0.000000       0.000000         1    -360.000000     360.000000      26.916816      -8.701924     -26.762691       7.748474
        40        41       0.014500       0.048700       0.012220       0.000000       0.000000       0.000000       0.000000       0.000000         1    -360.000000     360.000000      15.447523       1.192599     -15.410267      -2.213503
        40        42       0.055500       0.183000       0.046600       0.000000       0.000000       0.000000       0.000000       0.000000         1    -360.000000     360.000000     -11.836211      -6.446928      11.929526       2.301693
        41        42       0.041000       0.135000       0.034400       0.000000       0.000000       0.000000       0.000000       0.000000         1    -360.000000     360.000000     -21.589733      -7.786497      21.810922       5.238221
        43        44       0.060800       0.245400       0.060680       0.000000       0.000000       0.000000       0.000000       0.000000         1    -360.000000     360.000000     -16.592962      -1.330185      16.769854      -3.792900
        34        43       0.041300       0.168100       0.042260       0.000000       0.000000       0.000000       0.000000       0.000000         1    -360.000000     360.000000       1.413665       1.633441      -1.407038      -5.669815
        44        45       0.022400       0.090100       0.022400       0.000000       0.000000       0.000000       0.000000       0.000000         1    -360.000000     360.000000     -32.769854       5.484042      33.028041      -6.620644
        45        46       0.040000       0.135600       0.033200       0.000000       0.000000       0.000000       0.000000       0.000000         1    -360.000000     360.000000     -36.327887      -3.566871      36.872015       2.119727
        46        47       0.038000       0.127000       0.031600       0.000000       0.000000       0.000000       0.000000       0.000000         1    -360.000000     360.000000     -31.111090      -1.218164      31.475295      -0.794807
        46        48       0.060100       0.189000       0.047200       0.000000       0.000000       0.000000       0.000000       0.000000         1    -360.000000     360.000000     -14.760925      -5.830770      14.897644       1.418667
        47        49       0.019100       0.062500       0.016040       0.000000       0.000000       0.000000       0.000000       0.000000         1    -360.000000     360.000000      -9.535205     -10.837000       9.570485       9.280262
        42        49       0.071500       0.323000       0.086000       0.000000       0.000000       0.000000       0.000000       0.000000         1    -360.000000     360.000000     -64.870224       5.244831      68.036735       0.370171
        42        49       0.071500       0.323000       0.086000       0.000000       0.000000       0.000000       0.000000       0.000000         1    -360.000000     360.000000     -64.870224       5.244831      68.036735       0.370171
        45        49       0.068400       0.186000       0.044400       0.000000       0.000000       0.000000       0.000000       0.000000         1    -360.000000     360.000000     -49.700154      -2.082979      51.436683       2.312780
        48        49       0.017900       0.050500       0.012580       0.000000       0.000000       0.000000       0.000000       0.000000         1    -360.000000     360.000000     -34.897644       3.206720      35.109477      -3.925160
        49        50       0.026700       0.075200       0.018740       0.000000       0.000000       0.000000       0.000000       0.000000         1    -360.000000     360.000000      53.659966      13.427130     -52.875431     -13.140970
        49        51       0.048600       0.137000       0.034200       0.000000       0.000000       0.000000       0.000000       0.000000         1    -360.000000     360.000000      66.627372      20.442802     -64.345088     -17.404365
        51        52       0.020300       0.058800       0.013960       0.000000       0.000000       0.000000       0.000000       0.000000         1    -360.000000     360.000000      28.558802       6.245682     -28.371362      -6.994300
        52        53       0.040500       0.163500       0.040580       0.000000       0.000000       0.000000       0.000000       0.000000         1    -360.000000     360.000000      10.371362       1.994300     -10.317214      -5.448971
        53        54       0.026300       0.122000       0.031000       0.000000       0.000000       0.000000       0.000000       0.000000         1    -360.000000     360.000000     -12.682786      -5.551029      12.735155       2.993250
        49        54       0.073000       0.289000       0.073800       0.000000       0.000000       0.000000       0.000000       0.000000         1    -360.000000     360.000000      37.765839      13.069961     -36.575291     -15.598873
        49        54       0.086900       0.291000       0.073000       0.000000       0.000000       0.000000       0.000000       0.000000         1    -360.000000     360.000000      37.744211      11.198037     -36.378947     -13.789880
        54        55       0.016900       0.070700       0.020200       0.000000       0.000000       0.000000       0.000000       0.000000         1    -360.000000     360.000000       7.073443       1.456819      -7.063124      -3.250161
        54        56       0.002750       0.009550       0.007320       0.000000       0.000000       0.000000       0.000000       0.000000         1    -360.000000     360.000000      18.528016       4.346376     -18.517004      -4.975040
        55        56       0.004880       0.015100       0.003740       0.000000       0.000000       0.000000       0.000000       0.000000         1    -360.000000     360.000000     -21.421302      -5.823924      21.447732       5.566033
        56        57       0.034300       0.096600       0.024200       0.000000       0.000000       0.000000       0.000000       0.000000         1    -360.000000     360.000000     -22.988179      -9.103555      23.211475       7.491332
        50        57       0.047400       0.134000       0.033200       0.000000       0.000000       0.000000       0.000000       0.000000         1    -360.000000     360.000000      35.875431       9.140970     -35.211475     -10.491332
        56        58       0.034300       0.096600       0.024200       0.000000       0.000000       0.000000       0.000000       0.000000         1    -360.000000     360.000000      -6.666387      -3.692838       6.685667       1.532992
        51        58       0.025500       0.071900       0.017880       0.000000       0.000000       0.000000       0.000000       0.000000         1    -360.000000     360.000000      18.786286       3.158683     -18.685667      -4.532992
        54        59       0.050300       0.229300       0.059800       0.000000       0.000000       0.000000       0.000000       0.000000         1    -360.000000     360.000000     -30.382376      -7.506627      30.904078       4.256953
        56        59       0.082500       0.251000       0.056900       0.000000       0.000000       0.000000       0.000000       0.000000         1    -360.000000     360.000000     -27.962978      -4.173609      28.674054       0.987433
        56        59       0.080300       0.239000       0.053600       0.000000       0.000000       0.000000       0.000000       0.000000         1    -360.000000     360.000000     -29.313184      -3.906740      30.073216       1.129540
        55        59       0.047390       0.215800       0.056460       0.000000       0.000000       0.000000       0.000000       0.000000         1    -360.000000     360.000000     -34.515574      -8.261743      35.155517       5.878415
        59        60       0.031700       0.145000       0.037600       0.000000       0.000000       0.000000       0.000000       0.000000         1    -360.000000     360.000000     -43.316720       3.574265      43.939294      -4.404907
        59        61       0.032800       0.150000       0.038800       0.000000       0.000000       0.000000       0.000000       0.000000         1    -360.000000     360.000000     -51.718668       5.032184      52.639097      -4.625793
        60        61       0.002640       0.013500       0.014560       0.000000       0.000000       0.000000       0.000000       0.000000         1    -360.000000     360.000000    -112.067098       8.519139     112.405526      -8.227351
        60        62       0.012300       0.056100       0.014680       0.000000       0.000000       0.000000       0.000000       0.000000         1    -360.000000     360.000000      -9.872196      -7.114232       9.889441       5.737834
        61        62       0.008240       0.037600       0.009800       0.000000       0.000000       0.000000       0.000000       0.000000         1    -360.000000     360.000000      25.492739     -13.857693     -25.423766      13.199271
        63        59       0.000000       0.038600       0.000000       0.000000       0.000000       0.000000       0.960000       0.000000         1    -360.000000     360.000000     151.771477      67.482779    -151.771477     -57.024838
        63        64       0.001720       0.020000       0.216000       0.000000       0.000000       0.000000       0.000000       0.000000         1    -360.000000     360.000000    -151.771477     -67.482779     152.253932      52.505842
        64        61       0.000000       0.026800       0.000000       0.000000       0.000000       0.000000       0.985000       0.000000         1    -360.000000     360.000000      30.537361      13.986294     -30.537361     -13.683175
        38        65       0.009010       0.098600       1.046000       0.000000       0.000000       0.000000       0.000000       0.000000         1    -360.000000     360.000000    -181.280352     -57.625818     184.492992      -8.370175
        64        65       0.002690       0.030200       0.380000       0.000000       0.000000       0.000000       0.000000       0.000000         1    -360.000000     360.000000    -182.791294     -66.492136     183.784379      40.063702
        49        66       0.018000       0.091900       0.024800       0.000000       0.000000       0.000000       0.000000       0.000000         1    -360.000000     360.000000    -132.223690       4.325729     135.224439       8.324883
        49        66       0.018000       0.091900       0.024800       0.000000       0.000000       0.000000       0.000000       0.000000         1    -360.000000     360.000000    -132.223690       4.325729     135.224439       8.324883
        62        66       0.048200       0.218000       0.057800       0.000000       0.000000       0.000000       0.000000       0.000000         1    -360.000000     360.000000     -37.162524     -17.264633      37.931018      14.675719
        62        67       0.025800       0.117000       0.031000       0.000000       0.000000       0.000000       0.000000       0.000000         1    -360.000000     360.000000     -24.303152     -14.414099      24.499057      12.147086
        65        66       0.000000       0.037000       0.000000       0.000000       0.000000       0.000000       0.935000       0.000000         1    -360.000000     360.000000       8.540624      72.249684      -8.540624     -70.554599
        66        67       0.022400       0.101500       0.026820       0.000000       0.000000       0.000000       0.000000       0.000000         1    -360.000000     360.000000      53.160729      19.272528     -52.499057     -19.147086
        65        68       0.001380       0.016000       0.638000       0.000000       0.000000       0.000000       0.000000       0.000000         1    -360.000000     360.000000      14.182005     -22.433052     -14.177949     -41.847361
        47        69       0.084400       0.277800       0.070920       0.000000       0.000000       0.000000       0.000000       0.000000         1    -360.000000     360.000000     -55.940091      11.631808      58.684392     -10.065551
        49        69       0.098500       0.324000       0.082800       0.000000       0.000000       0.000000       0.000000       0.000000         1    -360.000000     360.000000     -46.540122      10.647519      48.781676     -12.058744
        68        69       0.000000       0.037000       0.000000       0.000000       0.000000       0.000000       0.935000       0.000000         1    -360.000000     360.000000    -125.802507     112.819649     125.802507    -103.643037
        69        70       0.030000       0.127000       0.122000       0.000000       0.000000       0.000000       0.000000       0.000000         1    -360.000000     360.000000     108.375948      16.074709    -104.943470     -13.984719
        24        70       0.002210       0.411500       0.101980       0.000000       0.000000       0.000000       0.000000       0.000000         1    -360.000000     360.000000      -6.215281      -2.974082       6.216242      -6.801797
        70        71       0.008820       0.035500       0.008780       0.000000       0.000000       0.000000       0.000000       0.000000         1    -360.000000     360.000000      16.652898     -12.376654     -16.614625      11.678111
        24        72       0.048800       0.196000       0.048800       0.000000       0.000000       0.000000       0.000000       0.000000         1    -360.000000     360.000000       1.467169       3.307060      -1.449943      -7.982368
        71        72       0.044600       0.180000       0.044440       0.000000       0.000000       0.000000       0.000000       0.000000         1    -360.000000     360.000000      10.602223      -0.939710     -10.550057      -3.147687
        71        73       0.008660       0.045400       0.011780       0.000000       0.000000       0.000000       0.000000       0.000000         1    -360.000000     360.000000       6.012402     -10.738401      -6.000000       9.651371
        70        74       0.040100       0.132300       0.033680       0.000000       0.000000       0.000000       0.000000       0.000000         1    -360.000000     360.000000      16.207566      12.892636     -16.011423     -15.421568
        70        75       0.042800       0.141000       0.036000       0.000000       0.000000       0.000000       0.000000       0.000000         1    -360.000000     360.000000      -0.133237       9.939827       0.193575     -13.168224
        69        75       0.040500       0.122000       0.124000       0.000000       0.000000       0.000000       0.000000       0.000000         1    -360.000000     360.000000     110.008966      20.485399    -105.155338     -18.307720
        74        75       0.012300       0.040600       0.010340       0.000000       0.000000       0.000000       0.000000       0.000000         1    -360.000000     360.000000     -51.988577      -6.190473      52.355190       6.442338
        76        77       0.044400       0.148000       0.036800       0.000000       0.000000       0.000000       0.000000       0.000000         1    -360.000000     360.000000     -61.150027     -21.040008      63.205053      24.391730
        69        77       0.030900       0.101000       0.103800       0.000000       0.000000       0.000000       0.000000       0.000000         1    -360.000000     360.000000      62.209384       6.783167     -61.049117     -13.802833
        75        77       0.060100       0.199900       0.049780       0.000000       0.000000       0.000000       0.000000       0.000000         1    -360.000000     360.000000     -34.608257      -9.554054      35.411062       7.376290
        77        78       0.003760       0.012400       0.012640       0.000000       0.000000       0.000000       0.000000       0.000000         1    -360.000000     360.000000      45.394703       6.611280     -45.316190      -7.628295
        78        79       0.005460       0.024400       0.006480       0.000000       0.000000       0.000000       0.000000       0.000000         1    -360.000000     360.000000     -25.683810     -18.371705      25.737241      17.954254
        77        80       0.017000       0.048500       0.047200       0.000000       0.000000       0.000000       0.000000       0.000000         1    -360.000000     360.000000     -96.570905     -37.414984      98.343546      37.531243
        77        80       0.029400       0.105000       0.022800       0.000000       0.000000       0.000000       0.000000       0.000000         1    -360.000000     360.000000     -44.365334     -20.545661      45.046370      20.591188
        79        80       0.015600       0.070400       0.018700       0.000000       0.000000       0.000000       0.000000       0.000000         1    -360.000000     360.000000     -64.737241     -29.583630      65.504682      31.083333
        68        81       0.001750       0.020200       0.808000       0.000000       0.000000       0.000000       0.000000       0.000000         1    -360.000000     360.000000     -44.145471      -4.614243      44.201949     -75.539205
        81        80       0.000000       0.037000       0.000000       0.000000       0.000000       0.000000       0.935000       0.000000         1    -360.000000     360.000000     -44.201949      75.539205      44.201949     -73.045581
        77        82       0.029800       0.085300       0.081740       0.000000       0.000000       0.000000       0.000000       0.000000         1    -360.000000     360.000000      -3.025462      17.554544       3.166695     -25.280371
        82        83       0.011200       0.036650       0.037960       0.000000       0.000000       0.000000       0.000000       0.000000         1    -360.000000     360.000000     -47.222358      24.393508      47.556898     -26.992712
        83        84       0.062500       0.132000       0.025800       0.000000       0.000000       0.000000       0.000000       0.000000         1    -360.000000     360.000000     -24.786037      14.686551      25.346101     -15.991871
        83        85       0.043000       0.148000       0.034800       0.000000       0.000000       0.000000       0.000000       0.000000         1    -360.000000     360.000000     -42.770860      11.996143      43.665719     -12.290414
        84        85       0.030200       0.064100       0.012340       0.000000       0.000000       0.000000       0.000000       0.000000         1    -360.000000     360.000000     -36.346101       8.991871      36.790657      -9.239131
        85        86       0.035000       0.123000       0.027600       0.000000       0.000000       0.000000       0.000000       0.000000         1    -360.000000     360.000000      17.172481      -7.353673     -17.053050       5.090966
        86        87       0.028280       0.207400       0.044500       0.000000       0.000000       0.000000       0.000000       0.000000         1    -360.000000     360.000000      -3.946950     -15.090966       4.000000      11.021607
        85        88       0.020000       0.102000       0.027600       0.000000       0.000000       0.000000       0.000000       0.000000         1    -360.000000     360.000000     -50.392427       7.599658      50.932362      -7.530486
        85        89       0.023900       0.173000       0.047000       0.000000       0.000000       0.000000       0.000000       0.000000         1    -360.000000     360.000000     -71.236431       0.676971      72.488641       3.733561
        88        89       0.013900       0.071200       0.019340       0.000000       0.000000       0.000000       0.000000       0.000000         1    -360.000000     360.000000     -98.932362      -2.469514     100.327965       7.698633
        89        90       0.051800       0.188000       0.052800       0.000000       0.000000       0.000000       0.000000       0.000000         1    -360.000000     360.000000      58.218697      -4.724322     -56.478234       5.813202
        89        90       0.023800       0.099700       0.106000       0.000000       0.000000       0.000000       0.000000       0.000000         1    -360.000000     360.000000     110.828443      -5.442054    -107.934116       7.071283
        90        91       0.025400       0.083600       0.021400       0.000000       0.000000       0.000000       0.000000       0.000000         1    -360.000000     360.000000       1.412350       4.423923      -1.404017      -6.462266
        89        92       0.009900       0.050500       0.054800       0.000000       0.000000       0.000000       0.000000       0.000000         1    -360.000000     360.000000     201.541548      -2.104016    -197.560137      16.960289
        89        92       0.039300       0.158100       0.041400       0.000000       0.000000       0.000000       0.000000       0.000000         1    -360.000000     360.000000      63.594706      -5.066756     -62.017631       7.291614
        91        92       0.038700       0.127200       0.032680       0.000000       0.000000       0.000000       0.000000       0.000000         1    -360.000000     360.000000      -8.595983      -6.625756       8.636060       3.586707
        92        93       0.025800       0.084800       0.021800       0.000000       0.000000       0.000000       0.000000       0.000000         1    -360.000000     360.000000      57.623491     -11.658282     -56.719895      12.501456
        92        94       0.048100       0.158000       0.040600       0.000000       0.000000       0.000000       0.000000       0.000000         1    -360.000000     360.000000      52.170077     -15.214381     -50.748518      15.905427
        93        94       0.022300       0.073200       0.018760       0.000000       0.000000       0.000000       0.000000       0.000000         1    -360.000000     360.000000      44.719895     -19.501456     -44.181276      19.439590
        94        95       0.013200       0.043400       0.011100       0.000000       0.000000       0.000000       0.000000       0.000000         1    -360.000000     360.000000      40.860972       9.014243     -40.623722      -9.311348
        80        96       0.035600       0.182000       0.049400       0.000000       0.000000       0.000000       0.000000       0.000000         1    -360.000000     360.000000      18.966535      21.066503     -18.662663     -24.616575
        82        96       0.016200       0.053000       0.054400       0.000000       0.000000       0.000000       0.000000       0.000000         1    -360.000000     360.000000      -9.944337      -6.568702       9.963266       1.294407
        94        96       0.026900       0.086900       0.023000       0.000000       0.000000       0.000000       0.000000       0.000000         1    -360.000000     360.000000      19.787883      -9.821664     -19.659621       7.976965
        80        97       0.018300       0.093400       0.025400       0.000000       0.000000       0.000000       0.000000       0.000000         1    -360.000000     360.000000      26.423477      25.753255     -26.180842     -27.187039
        80        98       0.023800       0.108000       0.028600       0.000000       0.000000       0.000000       0.000000       0.000000         1    -360.000000     360.000000      28.949280       8.318120     -28.743456     -10.428841
        80        99       0.045400       0.206000       0.054600       0.000000       0.000000       0.000000       0.000000       0.000000         1    -360.000000     360.000000      19.564160       8.168404     -19.351584     -12.941493
        92       100       0.064800       0.295000       0.047200       0.000000       0.000000       0.000000       0.000000       0.000000         1    -360.000000     360.000000      31.497053     -16.532280     -30.707465      15.372895
        94       100       0.017800       0.058000       0.060400       0.000000       0.000000       0.000000       0.000000       0.000000         1    -360.000000     360.000000       4.280939     -50.537596      -3.866343      45.806087
        95        96       0.017100       0.054700       0.014740       0.000000       0.000000       0.000000       0.000000       0.000000         1    -360.000000     360.000000      -1.376278     -21.688652       1.454935      20.506302
        96        97       0.017300       0.088500       0.024000       0.000000       0.000000       0.000000       0.000000       0.000000         1    -360.000000     360.000000     -11.095918     -20.161099      11.180842      18.187039
        98       100       0.039700       0.179000       0.047600       0.000000       0.000000       0.000000       0.000000       0.000000         1    -360.000000     360.000000      -5.256544       2.428841       5.276197      -7.295055
        99       100       0.018000       0.081300       0.021600       0.000000       0.000000       0.000000       0.000000       0.000000         1    -360.000000     360.000000     -22.648416      -4.594097      22.741080       2.793889
       100       101       0.027700       0.126200       0.032800       0.000000       0.000000       0.000000       0.000000       0.000000         1    -360.000000     360.000000     -16.742606      22.899813      16.979699     -25.127839
        92       102       0.012300       0.055900       0.014640       0.000000       0.000000       0.000000       0.000000       0.000000         1    -360.000000     360.000000      44.651087      -8.389916     -44.393492       8.127002
       101       102       0.024600       0.112000       0.029400       0.000000       0.000000       0.000000       0.000000       0.000000         1    -360.000000     360.000000     -38.979699      10.127839      39.393492     -11.127002
       100       103       0.016000       0.052500       0.053600       0.000000       0.000000       0.000000       0.000000       0.000000         1    -360.000000     360.000000     121.753299     -22.148491    -119.402031      24.357827
       100       104       0.045100       0.204000       0.054100       0.000000       0.000000       0.000000       0.000000       0.000000         1    -360.000000     360.000000      56.184660      10.646994     -54.729358      -9.412393
       103       104       0.046600       0.158400       0.040700       0.000000       0.000000       0.000000       0.000000       0.000000         1    -360.000000     360.000000      32.452111      13.867100     -31.854905     -15.831695
       103       105       0.053500       0.162500       0.040800       0.000000       0.000000       0.000000       0.000000       0.000000         1    -360.000000     360.000000      43.351085      12.848519     -42.248565     -13.480445
       100       106       0.060500       0.229000       0.062000       0.000000       0.000000       0.000000       0.000000       0.000000         1    -360.000000     360.000000      60.361178       9.475984     -58.135873      -7.123010
       104       105       0.009940       0.037800       0.009860       0.000000       0.000000       0.000000       0.000000       0.000000         1    -360.000000     360.000000      48.584263       2.632339     -48.334401      -2.606074
       105       106       0.014000       0.054700       0.014340       0.000000       0.000000       0.000000       0.000000       0.000000         1    -360.000000     360.000000       8.863146       3.879889      -8.848227      -5.151652
       105       107       0.053000       0.183000       0.047200       0.000000       0.000000       0.000000       0.000000       0.000000         1    -360.000000     360.000000      26.754711      -2.374935     -26.347292      -0.554886
       105       108       0.026100       0.070300       0.018440       0.000000       0.000000       0.000000       0.000000       0.000000         1    -360.000000     360.000000      23.965108     -11.128459     -23.774578       9.922315
       106       107       0.053000       0.183000       0.047200       0.000000       0.000000       0.000000       0.000000       0.000000         1    -360.000000     360.000000      23.984100      -3.725338     -23.652708       0.550529
       108       109       0.010500       0.028800       0.007600       0.000000       0.000000       0.000000       0.000000       0.000000         1    -360.000000     360.000000      21.774578     -10.922315     -21.708691      10.392925
       103       110       0.039060       0.181300       0.046100       0.000000       0.000000       0.000000       0.000000       0.000000         1    -360.000000     360.000000      60.598834       8.348918     -59.148888      -6.152420
       109       110       0.027800       0.076200       0.020200       0.000000       0.000000       0.000000       0.000000       0.000000         1    -360.000000     360.000000      13.708691     -13.392925     -13.606755      11.771645
       110       111       0.022000       0.075500       0.020000       0.000000       0.000000       0.000000       0.000000       0.000000         1    -360.000000     360.000000     -35.702945       0.956135      36.000000      -1.843825
       110       112       0.024700       0.064000       0.062000       0.000000       0.000000       0.000000       0.000000       0.000000         1    -360.000000     360.000000      69.458588     -30.614153     -68.000000      28.511693
        17       113       0.009130       0.030100       0.007680       0.000000       0.000000       0.000000       0.000000       0.000000         1    -360.000000     360.000000       2.056336       5.900599      -2.052309      -6.646202
        32       113       0.061500       0.203000       0.051800       0.000000       0.000000       0.000000       0.000000       0.000000         1    -360.000000     360.000000       4.116136     -17.798576      -3.947691      13.398828
        32       114       0.013500       0.061200       0.016280       0.000000       0.000000       0.000000       0.000000       0.000000         1    -360.000000     360.000000       9.371462       1.777731      -9.357743      -3.220746
        27       115       0.016400       0.074100       0.019720       0.000000       0.000000       0.000000       0.000000       0.000000         1    -360.000000     360.000000      20.723741       5.060385     -20.642306      -6.525083
       114       115       0.002300       0.010400       0.002760       0.000000       0.000000       0.000000       0.000000       0.000000         1    -360.000000     360.000000       1.357743       0.220746      -1.357694      -0.474917
        68       116       0.000340       0.004050       0.164000       0.000000       0.000000       0.000000       0.000000       0.000000         1    -360.000000     360.000000     184.125927     -66.358044    -184.000000      51.322477
        12       117       0.032900       0.140000       0.035800       0.000000       0.000000       0.000000       0.000000       0.000000         1    -360.000000     360.000000      20.152550       5.197252     -20.000000      -8.000000
        75       118       0.014500       0.048100       0.011980       0.000000       0.000000       0.000000       0.000000       0.000000         1    -360.000000     360.000000      40.214829      23.587660     -39.873862     -23.557051
        76       118       0.016400       0.054400       0.013560       0.000000       0.000000       0.000000       0.000000       0.000000         1    -360.000000     360.000000      -6.849973      -9.691891       6.873862       8.557051
mpc.branch.end

